-2.789099e-01 3.312111e-04 6.427708e-02
-2.000931e-01 -1.470991e-03 2.758468e-02
6.537621e-03 -1.579692e-02 1.242816e-01
5.955178e-02 -4.988295e-03 4.128594e-02
1.313510e-01 3.216099e-03 3.757626e-02
2.220190e-01 5.213229e-03 2.184293e-02
4.056278e-01 -6.738643e-03 -6.784396e-02
-1.748817e-01 -1.084542e-01 -3.001023e-02
-1.797774e-01 1.163847e-01 -3.446110e-02
-1.568529e-01 -1.999690e-01 -2.470268e-02
-1.894985e-01 -2.579048e-01 -4.992238e-02
-1.635932e-01 2.025198e-01 -3.274725e-02
-2.002038e-01 2.616168e-01 -6.115574e-02
4.379738e-03 -1.003592e-01 -9.656149e-03
4.131007e-02 -6.712380e-02 9.163569e-03
4.504052e-02 5.953801e-02 1.252897e-02
6.647469e-03 1.012286e-01 9.748709e-03
1.915130e-01 -1.301583e-01 -4.827533e-02
1.188377e-01 -4.285183e-02 3.115157e-02
1.144731e-01 4.365544e-02 2.850337e-02
1.965220e-01 1.421120e-01 -4.916986e-02
