-3.087168e-01 -3.730221e-03 7.885881e-02
-2.125698e-01 -5.135624e-03 5.038801e-02
-2.050754e-02 -7.930452e-03 1.246184e-01
4.732084e-02 -5.619494e-03 6.381807e-02
1.516247e-01 4.736137e-04 5.242690e-02
2.169448e-01 1.741922e-03 -2.137357e-02
3.730893e-01 8.274626e-03 -1.008088e-01
-1.949215e-01 -1.063025e-01 -4.571431e-02
-1.824606e-01 1.120710e-01 -4.560919e-02
-1.608698e-01 -1.792105e-01 -4.870768e-02
-1.744112e-01 -2.577602e-01 -6.809072e-02
-1.525557e-01 1.941021e-01 -4.868801e-02
-1.770406e-01 2.560732e-01 -8.032983e-02
7.924910e-03 -9.823204e-02 1.210714e-02
4.907575e-02 -5.556406e-02 2.972095e-02
4.494901e-02 4.587053e-02 3.316462e-02
7.058624e-03 9.069987e-02 1.198400e-02
1.929285e-01 -1.128001e-01 -4.376454e-02
1.534468e-01 -2.830263e-02 4.691534e-02
1.512702e-01 3.641137e-02 4.355940e-02
1.884201e-01 1.148696e-01 -4.447503e-02
