-2.809702e-01 -6.824132e-04 6.282360e-02
-2.092441e-01 3.547545e-04 4.590797e-02
-6.638225e-03 7.783950e-04 1.098911e-01
5.393952e-02 5.154767e-03 4.974888e-02
1.434862e-01 -4.900173e-03 5.055972e-02
2.235016e-01 -2.462808e-03 -1.806094e-03
3.925354e-01 5.128381e-03 -8.462089e-02
-1.834481e-01 -1.051090e-01 -3.899176e-02
-1.971496e-01 1.094718e-01 -5.100940e-02
-1.600853e-01 -1.877210e-01 -3.351415e-02
-1.917660e-01 -2.514487e-01 -7.015280e-02
-1.728956e-01 1.863985e-01 -3.866262e-02
-2.017147e-01 2.504846e-01 -6.588948e-02
1.887945e-02 -1.004629e-01 6.434915e-03
5.044382e-02 -5.534451e-02 2.459148e-02
5.673950e-02 6.231945e-02 2.416627e-02
2.996057e-02 1.117648e-01 1.295592e-02
1.745362e-01 -1.291703e-01 -4.696578e-02
1.400703e-01 -3.971427e-02 4.220831e-02
1.414829e-01 2.683814e-02 4.689030e-02
1.783363e-01 1.183226e-01 -4.456548e-02
