-3.055448e-01 -1.029160e-03 7.869084e-02
-1.840635e-01 -3.514553e-03 4.621832e-02
-1.768281e-02 4.299700e-03 1.313676e-01
4.679111e-02 1.006646e-03 5.316074e-02
1.502137e-01 2.463300e-03 3.744491e-02
1.883409e-01 1.556201e-03 7.932432e-03
4.055196e-01 4.088633e-03 -8.100544e-02
-1.768929e-01 -1.053711e-01 -2.766576e-02
-1.863434e-01 1.053737e-01 -4.985415e-02
-1.546957e-01 -1.889308e-01 -3.690015e-02
-1.824643e-01 -2.624042e-01 -7.255248e-02
-1.553252e-01 1.836961e-01 -3.948433e-02
-1.827650e-01 2.690099e-01 -7.512461e-02
5.097736e-03 -1.125793e-01 -7.175968e-04
4.847340e-02 -6.395848e-02 2.406150e-02
4.754666e-02 5.927512e-02 2.924133e-02
1.650207e-02 1.126310e-01 1.108787e-02
1.766020e-01 -1.334746e-01 -6.349909e-02
1.434396e-01 -3.108786e-02 3.562907e-02
1.422695e-01 3.448779e-02 3.666551e-02
1.749814e-01 1.244619e-01 -4.469652e-02
