-3.068969e-01 -1.635205e-03 7.952635e-02
-2.123055e-01 -6.328715e-03 4.607406e-02
-1.159222e-02 3.577336e-03 1.263949e-01
5.034182e-02 -1.423550e-03 5.672048e-02
1.368650e-01 2.822733e-03 5.303197e-02
2.184368e-01 3.633552e-04 4.435953e-03
3.874774e-01 -2.581653e-03 -1.122385e-01
-1.804545e-01 -1.027796e-01 -5.853236e-02
-1.806139e-01 9.779353e-02 -5.213180e-02
-1.525892e-01 -1.841043e-01 -4.128218e-02
-1.817740e-01 -2.570253e-01 -6.662316e-02
-1.493069e-01 1.984549e-01 -3.884526e-02
-1.814166e-01 2.477466e-01 -7.022332e-02
1.605108e-02 -9.956009e-02 6.179997e-03
5.281363e-02 -4.595675e-02 3.373992e-02
5.501285e-02 4.695717e-02 3.780682e-02
1.066955e-02 1.033928e-01 2.323562e-03
1.877210e-01 -1.429794e-01 -5.514903e-02
1.317802e-01 -3.035470e-02 4.714080e-02
1.291855e-01 3.548401e-02 4.859948e-02
1.805949e-01 1.381368e-01 -4.694869e-02
