-2.592394e-01 4.332926e-04 8.729414e-02
-1.776735e-01 -3.386083e-03 6.184782e-02
-7.176671e-03 4.206452e-03 9.148477e-02
5.674283e-02 8.920713e-05 5.646826e-02
1.471634e-01 3.115733e-03 4.482272e-02
2.215691e-01 -1.121422e-03 5.199254e-03
3.692619e-01 -2.961991e-03 -6.607585e-02
-1.814473e-01 -1.178287e-01 -4.648230e-02
-1.876134e-01 1.157747e-01 -5.008290e-02
-1.650670e-01 -2.050351e-01 -5.168282e-02
-1.974907e-01 -2.671342e-01 -7.701826e-02
-1.690558e-01 2.014199e-01 -4.537905e-02
-1.976637e-01 2.665038e-01 -7.786289e-02
8.664539e-03 -1.028916e-01 1.179516e-02
5.207046e-02 -5.877031e-02 2.888522e-02
4.881104e-02 6.558666e-02 3.828253e-02
6.363228e-03 1.116421e-01 1.654162e-02
1.781310e-01 -1.463234e-01 -5.182427e-02
1.393555e-01 -4.707581e-02 3.584130e-02
1.441012e-01 4.802806e-02 3.884754e-02
1.701933e-01 1.357287e-01 -5.090200e-02
