-2.685195e-01 5.334460e-03 9.449721e-02
-1.838932e-01 -3.350887e-05 6.066208e-02
-1.079488e-02 2.238942e-03 1.203133e-01
5.679035e-02 6.045149e-03 5.755333e-02
1.525596e-01 -2.112464e-03 3.720952e-02
2.201742e-01 2.389244e-03 2.451641e-03
3.615752e-01 3.671768e-03 -6.440320e-02
-1.693644e-01 -1.201414e-01 -4.564623e-02
-1.871331e-01 1.253394e-01 -5.729383e-02
-1.639840e-01 -2.107801e-01 -5.287837e-02
-1.960914e-01 -2.600461e-01 -8.971878e-02
-1.744648e-01 1.970485e-01 -5.269522e-02
-2.004651e-01 2.580175e-01 -6.996836e-02
1.689809e-02 -9.673125e-02 2.556811e-02
4.573515e-02 -5.530393e-02 2.909666e-02
5.118980e-02 7.030573e-02 3.043523e-02
1.819960e-02 1.113095e-01 1.052922e-02
1.768593e-01 -1.529033e-01 -5.166818e-02
1.420698e-01 -4.771441e-02 3.084352e-02
1.402432e-01 4.090621e-02 3.696618e-02
1.724161e-01 1.231601e-01 -5.185380e-02
