-2.746246e-01 3.317611e-03 5.780671e-02
-1.847560e-01 7.508048e-04 4.630299e-02
5.252897e-03 -2.530605e-03 1.324595e-01
6.685360e-02 -7.913365e-04 6.607994e-02
1.515175e-01 2.849881e-04 3.916048e-02
2.194982e-01 4.696408e-03 -1.046458e-02
3.604280e-01 5.378438e-03 -9.016920e-02
-1.973927e-01 -9.889564e-02 -5.240683e-02
-2.105928e-01 1.126639e-01 -3.979160e-02
-1.789119e-01 -1.820613e-01 -4.363863e-02
-2.010808e-01 -2.548273e-01 -8.976617e-02
-1.850660e-01 1.813032e-01 -4.520948e-02
-2.018629e-01 2.506348e-01 -8.695079e-02
2.944798e-02 -9.588731e-02 2.696261e-02
6.584061e-02 -5.556870e-02 3.640277e-02
6.001887e-02 4.915459e-02 4.073869e-02
1.628082e-02 1.019453e-01 1.088217e-02
1.830104e-01 -1.281237e-01 -3.441677e-02
1.484005e-01 -4.044115e-02 3.806023e-02
1.494942e-01 3.751658e-02 3.701955e-02
1.782442e-01 1.114803e-01 -3.906159e-02
