-2.518521e-01 3.266696e-03 6.854570e-02
-1.610783e-01 -1.912078e-03 5.645685e-02
-1.751316e-02 2.322017e-03 1.140449e-01
5.578224e-02 -7.135194e-04 4.027547e-02
1.483068e-01 -7.330277e-04 2.733239e-02
2.237020e-01 6.290095e-03 9.908865e-03
3.767708e-01 1.454230e-02 -5.684001e-02
-1.795257e-01 -1.311993e-01 -3.265758e-02
-1.854767e-01 1.319966e-01 -3.729692e-02
-1.693624e-01 -2.174702e-01 -2.949147e-02
-1.972343e-01 -2.791616e-01 -8.645759e-02
-1.661362e-01 2.145070e-01 -3.436585e-02
-2.049663e-01 2.883538e-01 -7.727858e-02
9.883945e-03 -1.030120e-01 1.705978e-02
4.630628e-02 -5.680480e-02 1.969983e-02
4.670499e-02 4.832828e-02 1.898491e-02
1.544929e-02 1.039924e-01 4.646198e-03
1.652609e-01 -1.264349e-01 -2.893792e-02
1.377932e-01 -4.532168e-02 2.548024e-02
1.330061e-01 2.355888e-02 2.778291e-02
1.741786e-01 1.256050e-01 -4.689210e-02
