-2.920269e-01 -5.842048e-03 6.968879e-02
-1.898150e-01 -2.185341e-03 4.487142e-02
-1.951411e-02 3.478029e-03 1.158275e-01
6.158775e-02 -2.009551e-03 5.251323e-02
1.355108e-01 2.822515e-03 4.809064e-02
2.275586e-01 1.148628e-02 1.063871e-03
3.784319e-01 -5.879072e-03 -8.881990e-02
-1.806162e-01 -1.040157e-01 -4.461204e-02
-1.926651e-01 1.046760e-01 -4.497317e-02
-1.519533e-01 -1.920988e-01 -2.960354e-02
-2.000354e-01 -2.622222e-01 -7.528428e-02
-1.587443e-01 1.938228e-01 -3.540329e-02
-1.983195e-01 2.589332e-01 -7.164808e-02
1.532828e-02 -9.932152e-02 1.772313e-03
4.796142e-02 -6.009752e-02 2.749977e-02
5.325443e-02 6.228408e-02 3.265403e-02
2.297975e-02 1.051745e-01 4.173396e-03
1.841202e-01 -1.301763e-01 -4.883436e-02
1.308704e-01 -3.770047e-02 4.108730e-02
1.401784e-01 3.724958e-02 4.163435e-02
1.859080e-01 1.216216e-01 -4.169796e-02
