-2.806557e-01 -7.256889e-03 7.665708e-02
-1.769124e-01 -3.658235e-03 4.381633e-02
-1.311993e-02 -1.561904e-03 1.104643e-01
6.239771e-02 2.240637e-03 4.318150e-02
1.304795e-01 2.045504e-03 5.707991e-02
2.365482e-01 -9.357340e-04 -7.435607e-03
3.579861e-01 2.893446e-03 -8.645699e-02
-1.802822e-01 -1.224549e-01 -3.525871e-02
-1.882173e-01 1.248213e-01 -4.748229e-02
-1.718564e-01 -1.994367e-01 -4.285860e-02
-1.879227e-01 -2.797788e-01 -8.043500e-02
-1.536824e-01 2.072263e-01 -4.427563e-02
-1.851045e-01 2.705316e-01 -7.058998e-02
2.161517e-02 -1.032423e-01 9.777662e-03
5.025953e-02 -6.008194e-02 2.926100e-02
5.258557e-02 5.380861e-02 3.136340e-02
1.117214e-02 1.117077e-01 7.208710e-03
1.750022e-01 -1.393314e-01 -4.114989e-02
1.316867e-01 -3.643265e-02 4.880503e-02
1.361207e-01 4.167783e-02 4.907860e-02
1.718999e-01 1.372186e-01 -5.075085e-02
