-2.905470e-01 -6.283540e-03 5.315207e-02
-1.934508e-01 -1.961625e-03 4.071012e-02
-1.784032e-02 -2.719642e-03 1.285211e-01
5.179446e-02 -8.750332e-04 6.256816e-02
1.506429e-01 5.997853e-03 4.579805e-02
2.304563e-01 -6.778107e-03 2.181723e-03
4.053825e-01 -9.380144e-03 -1.207531e-01
-1.886381e-01 -9.778020e-02 -4.752400e-02
-1.860678e-01 1.011977e-01 -4.904115e-02
-1.588311e-01 -1.783666e-01 -3.465784e-02
-1.955362e-01 -2.600563e-01 -7.281940e-02
-1.612634e-01 1.789114e-01 -3.568272e-02
-1.891812e-01 2.454541e-01 -6.918933e-02
4.938104e-03 -1.022588e-01 -7.842406e-04
6.017822e-02 -4.770412e-02 3.454498e-02
4.538730e-02 5.145515e-02 4.503786e-02
8.083953e-03 1.107880e-01 7.744992e-03
1.720980e-01 -1.192815e-01 -3.343919e-02
1.396067e-01 -3.809708e-02 4.029235e-02
1.402247e-01 5.528772e-02 3.770264e-02
1.725627e-01 1.224507e-01 -3.436313e-02
