-2.739675e-01 -4.066642e-03 7.095207e-02
-1.887949e-01 -3.530077e-03 5.449698e-02
9.891976e-04 -1.453556e-03 1.325283e-01
4.872798e-02 -5.664616e-03 6.363900e-02
1.474380e-01 -9.227468e-04 2.908612e-02
2.179752e-01 -4.929337e-03 7.873103e-03
4.089703e-01 -5.861223e-03 -5.953880e-02
-1.780198e-01 -1.125416e-01 -3.963268e-02
-1.789921e-01 1.144300e-01 -4.928087e-02
-1.615227e-01 -1.924229e-01 -4.283503e-02
-1.858332e-01 -2.497685e-01 -7.013318e-02
-1.775441e-01 1.946943e-01 -5.295019e-02
-1.971165e-01 2.589683e-01 -6.995243e-02
5.344064e-03 -9.905589e-02 6.186005e-03
4.733131e-02 -4.791874e-02 4.074860e-02
4.683216e-02 5.434197e-02 3.975252e-02
2.911491e-03 1.080514e-01 1.721085e-02
1.651944e-01 -1.273516e-01 -6.646125e-02
1.409850e-01 -3.657983e-02 2.654910e-02
1.409738e-01 2.431979e-02 3.125357e-02
1.681178e-01 1.372615e-01 -6.949179e-02
