-2.700601e-01 -3.676399e-03 7.040211e-02
-1.977763e-01 -2.599536e-03 5.021357e-02
-2.420695e-02 -8.433430e-04 1.145568e-01
4.849433e-02 -7.642844e-04 4.591565e-02
1.495047e-01 2.286153e-03 3.451651e-02
2.305421e-01 3.430907e-03 -5.424057e-03
4.155682e-01 3.059666e-03 -7.173891e-02
-1.718455e-01 -1.099013e-01 -4.302427e-02
-1.811735e-01 1.100341e-01 -4.752492e-02
-1.543826e-01 -1.930821e-01 -3.481181e-02
-1.837775e-01 -2.574279e-01 -7.003911e-02
-1.570179e-01 1.930736e-01 -3.310025e-02
-1.920078e-01 2.621531e-01 -6.819160e-02
-1.404653e-02 -1.030525e-01 2.329306e-02
3.945718e-02 -5.261810e-02 3.665127e-02
3.538160e-02 6.066722e-02 3.056015e-02
-6.494862e-03 1.106286e-01 1.271539e-02
1.723211e-01 -1.401092e-01 -6.060139e-02
1.413820e-01 -3.979961e-02 3.099587e-02
1.453172e-01 4.261785e-02 3.277907e-02
1.748209e-01 1.159231e-01 -4.814315e-02
