-3.020996e-01 2.900716e-03 6.451267e-02
-2.118611e-01 -2.683743e-03 2.944218e-02
-1.260002e-02 8.904837e-03 1.194322e-01
6.794957e-02 3.851617e-04 4.835466e-02
1.467398e-01 7.687645e-03 3.874901e-02
2.298801e-01 3.845188e-03 1.837945e-02
3.798669e-01 -9.889924e-03 -6.610691e-02
-1.949456e-01 -1.059850e-01 -4.904225e-02
-1.866946e-01 9.621057e-02 -3.569127e-02
-1.769499e-01 -1.922629e-01 -3.377778e-02
-2.032169e-01 -2.531143e-01 -6.444431e-02
-1.709167e-01 1.864905e-01 -2.666030e-02
-1.957600e-01 2.291720e-01 -4.865848e-02
1.910766e-02 -9.375206e-02 3.921402e-03
5.931251e-02 -5.104653e-02 2.026825e-02
5.986833e-02 5.634538e-02 1.990896e-02
3.316366e-02 1.014452e-01 -7.202276e-03
1.855872e-01 -1.274048e-01 -5.205601e-02
1.452139e-01 -1.996213e-02 3.670898e-02
1.443781e-01 4.291956e-02 3.181869e-02
1.839769e-01 1.197945e-01 -4.785690e-02
