-2.826920e-01 8.700009e-04 6.311818e-02
-2.012228e-01 -3.997456e-03 4.134976e-02
1.160540e-03 7.604182e-03 1.143617e-01
6.149767e-02 4.444346e-03 5.157605e-02
1.472115e-01 1.875408e-03 4.037248e-02
2.377092e-01 -1.281920e-03 6.324249e-03
3.753188e-01 -9.448239e-03 -6.415209e-02
-1.968926e-01 -1.184809e-01 -4.496776e-02
-1.969647e-01 1.093871e-01 -4.272268e-02
-1.766058e-01 -1.869831e-01 -2.834701e-02
-2.025036e-01 -2.451368e-01 -6.912751e-02
-1.824160e-01 1.817391e-01 -3.011611e-02
-2.076205e-01 2.446263e-01 -6.599861e-02
2.877327e-02 -9.613633e-02 -1.226751e-02
5.428273e-02 -4.388567e-02 1.769093e-02
5.352004e-02 5.403524e-02 2.298068e-02
2.903904e-02 1.029671e-01 8.318594e-03
1.846300e-01 -1.244891e-01 -4.233964e-02
1.448695e-01 -2.421978e-02 3.604937e-02
1.449237e-01 3.074534e-02 3.686897e-02
1.839821e-01 1.157650e-01 -3.897207e-02
