-2.938769e-01 -4.715481e-04 7.907375e-02
-1.730886e-01 -6.369811e-03 3.109100e-02
-1.906611e-02 -2.678911e-03 1.110506e-01
5.152077e-02 -3.225589e-04 4.532039e-02
1.406105e-01 5.087967e-03 6.529212e-02
2.355377e-01 1.210424e-03 -1.993865e-03
3.713633e-01 -6.598779e-03 -9.972612e-02
-1.823447e-01 -1.041225e-01 -5.004426e-02
-1.829777e-01 1.068874e-01 -4.181763e-02
-1.671827e-01 -1.936649e-01 -4.422396e-02
-1.950675e-01 -2.699585e-01 -6.329641e-02
-1.576594e-01 1.899465e-01 -3.847812e-02
-1.921906e-01 2.610090e-01 -7.368365e-02
1.032869e-02 -1.019019e-01 3.732742e-03
4.600457e-02 -5.646143e-02 2.647273e-02
4.762513e-02 5.459132e-02 3.280391e-02
8.410992e-03 1.029343e-01 9.750832e-03
1.822206e-01 -1.215407e-01 -4.908562e-02
1.413264e-01 -3.377408e-02 5.204723e-02
1.422476e-01 4.336948e-02 5.326048e-02
1.862580e-01 1.328294e-01 -4.754614e-02
