-2.878410e-01 1.287813e-03 6.408302e-02
-2.207071e-01 -4.821004e-03 4.276042e-02
-1.667599e-02 -1.463000e-03 1.179624e-01
5.602629e-02 5.691272e-03 4.879127e-02
1.374921e-01 -2.754638e-03 4.604635e-02
2.202036e-01 -3.274925e-03 5.916944e-03
3.973658e-01 1.565124e-03 -1.013511e-01
-1.757631e-01 -1.034879e-01 -4.287564e-02
-1.873550e-01 9.973254e-02 -4.685890e-02
-1.568218e-01 -1.855526e-01 -2.984734e-02
-1.905028e-01 -2.524180e-01 -6.514079e-02
-1.618416e-01 2.008276e-01 -3.914779e-02
-1.949479e-01 2.485408e-01 -6.668846e-02
1.470791e-02 -1.121169e-01 -2.157527e-03
5.245518e-02 -5.968640e-02 1.658446e-02
5.423271e-02 5.844273e-02 1.598082e-02
1.515490e-02 1.129466e-01 3.031777e-02
1.843415e-01 -1.148824e-01 -3.658460e-02
1.372289e-01 -3.924489e-02 4.252109e-02
1.406583e-01 3.892344e-02 4.283208e-02
1.825892e-01 1.117448e-01 -4.314455e-02
