-2.803894e-01 9.745008e-04 7.770163e-02
-1.908855e-01 -3.837259e-03 4.701175e-02
-1.504577e-03 1.161589e-03 8.454976e-02
4.483802e-02 7.189978e-05 5.348318e-02
1.395020e-01 1.544173e-03 4.757574e-02
2.219469e-01 3.937699e-03 2.757687e-03
3.908438e-01 -1.464031e-03 -1.126273e-01
-1.815826e-01 -1.144456e-01 -6.100863e-02
-1.868473e-01 1.156173e-01 -4.046612e-02
-1.535077e-01 -1.998290e-01 -3.776739e-02
-1.841567e-01 -2.641503e-01 -6.865246e-02
-1.588544e-01 2.010802e-01 -3.640064e-02
-1.998963e-01 2.747985e-01 -8.462714e-02
1.182735e-02 -9.583436e-02 1.995388e-02
4.370745e-02 -5.067593e-02 3.141171e-02
4.546887e-02 4.782683e-02 3.505164e-02
6.666572e-03 1.032831e-01 1.911161e-02
1.884345e-01 -1.277665e-01 -4.128221e-02
1.332795e-01 -2.357691e-02 4.457569e-02
1.287837e-01 2.133902e-02 4.972344e-02
1.823257e-01 1.099450e-01 -3.007586e-02
