-2.940148e-01 -3.015141e-03 6.194596e-02
-2.002927e-01 -6.314117e-03 3.761272e-02
1.038766e-02 -7.161549e-03 1.298129e-01
6.612864e-02 -2.011668e-03 5.720657e-02
1.531196e-01 2.407533e-04 4.215807e-02
2.130186e-01 2.420756e-03 2.423098e-03
3.725535e-01 3.103429e-03 -8.475194e-02
-1.942341e-01 -1.013555e-01 -5.708225e-02
-1.969028e-01 1.037634e-01 -6.278548e-02
-1.771352e-01 -1.855355e-01 -3.802037e-02
-2.029112e-01 -2.460654e-01 -6.075699e-02
-1.813540e-01 1.925080e-01 -4.193272e-02
-2.003623e-01 2.482930e-01 -6.409320e-02
2.573444e-02 -8.854723e-02 1.411806e-02
6.433091e-02 -4.175314e-02 2.596653e-02
6.159018e-02 3.996723e-02 3.270810e-02
2.261722e-02 9.168442e-02 1.100770e-02
1.792888e-01 -1.229688e-01 -4.331293e-02
1.476329e-01 -2.361101e-02 3.983531e-02
1.477085e-01 2.626913e-02 4.103900e-02
1.830965e-01 1.200889e-01 -4.309814e-02
