-2.634232e-01 -1.110390e-03 8.275394e-02
-1.946520e-01 8.107625e-04 5.346157e-02
7.196582e-03 3.225993e-03 1.317504e-01
5.767993e-02 4.732516e-03 6.344494e-02
1.465603e-01 -3.926549e-03 3.784682e-02
2.047591e-01 -3.005816e-03 1.111023e-02
3.799553e-01 -1.257849e-03 -6.442942e-02
-1.880000e-01 -9.817736e-02 -5.705264e-02
-1.869336e-01 1.018928e-01 -5.837852e-02
-1.682801e-01 -1.979584e-01 -5.126009e-02
-1.973051e-01 -2.545195e-01 -6.743710e-02
-1.732453e-01 1.810373e-01 -4.501047e-02
-2.005000e-01 2.537559e-01 -7.189544e-02
1.615975e-02 -1.063056e-01 2.273255e-02
4.852831e-02 -6.594336e-02 2.343037e-02
5.285352e-02 6.857299e-02 2.663898e-02
1.846049e-02 1.215293e-01 9.228242e-03
1.756945e-01 -1.430936e-01 -6.559329e-02
1.439209e-01 -3.751015e-02 3.255867e-02
1.419785e-01 2.832432e-02 3.917577e-02
1.785921e-01 1.489265e-01 -5.307549e-02
