-2.649015e-01 2.773118e-06 4.368942e-02
-1.601552e-01 -3.051378e-03 2.593465e-02
-6.271950e-02 -1.925943e-03 8.259506e-02
2.109255e-02 -3.195298e-03 3.513600e-02
1.521483e-01 4.467965e-04 4.463048e-02
2.394750e-01 7.596898e-03 1.335858e-02
3.966002e-01 -2.915124e-03 -1.078135e-01
-1.902993e-01 -1.313718e-01 -2.849311e-02
-1.763149e-01 1.133332e-01 -1.949921e-02
-1.453189e-01 -2.003257e-01 -1.871054e-02
-1.861041e-01 -2.716094e-01 -5.176877e-02
-1.515836e-01 2.043636e-01 -1.915545e-02
-1.859636e-01 2.826708e-01 -5.850332e-02
-1.441805e-02 -1.103399e-01 1.216966e-03
3.038788e-02 -7.240945e-02 1.413121e-02
3.156118e-02 6.201229e-02 1.773965e-02
-5.179221e-03 1.137263e-01 1.979926e-03
1.941482e-01 -1.367960e-01 -2.692566e-02
1.412973e-01 -5.282043e-02 4.067075e-02
1.428740e-01 5.966532e-02 3.507804e-02
1.933732e-01 1.429426e-01 -2.529111e-02
