-2.568043e-01 -6.277922e-03 5.022341e-02
-1.930899e-01 -1.154902e-02 4.541182e-02
-2.054028e-02 -1.821447e-03 1.234683e-01
4.507814e-02 4.584307e-04 5.469994e-02
1.490990e-01 8.573430e-03 3.737665e-02
2.065645e-01 8.884515e-03 9.096953e-03
4.037408e-01 2.085660e-03 -8.268683e-02
-1.854963e-01 -1.131009e-01 -3.455345e-02
-1.765934e-01 1.119901e-01 -4.118470e-02
-1.703204e-01 -1.900139e-01 -3.499139e-02
-2.007641e-01 -2.548737e-01 -7.175729e-02
-1.583774e-01 1.961931e-01 -3.770113e-02
-2.072030e-01 2.659882e-01 -7.104129e-02
1.271764e-02 -9.338561e-02 1.549301e-02
5.106127e-02 -6.103083e-02 3.294123e-02
5.155326e-02 4.512320e-02 4.067441e-02
1.383488e-02 1.009733e-01 1.444197e-02
1.849222e-01 -1.391664e-01 -5.132445e-02
1.387139e-01 -4.713074e-02 2.864639e-02
1.328615e-01 5.131884e-02 3.061728e-02
1.790418e-01 1.267617e-01 -5.785083e-02
