-2.818572e-01 -3.117412e-03 5.726610e-02
-2.020190e-01 4.830358e-04 3.441457e-02
-2.109254e-02 3.405689e-03 1.164470e-01
4.309510e-02 1.507048e-03 5.121138e-02
1.382654e-01 3.701452e-03 4.318776e-02
2.239910e-01 2.238672e-03 6.088759e-03
4.197136e-01 -4.437324e-03 -1.146004e-01
-1.890298e-01 -9.784168e-02 -4.713544e-02
-1.782158e-01 8.984347e-02 -4.711335e-02
-1.634476e-01 -1.855116e-01 -3.617477e-02
-1.932430e-01 -2.540182e-01 -5.325225e-02
-1.613500e-01 1.743833e-01 -2.836882e-02
-1.892286e-01 2.582420e-01 -6.290452e-02
5.691141e-03 -9.491282e-02 6.154521e-03
4.244507e-02 -5.227065e-02 2.103096e-02
3.947714e-02 4.818919e-02 3.642155e-02
1.439609e-02 1.021826e-01 1.528543e-02
2.017254e-01 -1.240685e-01 -4.255703e-02
1.329635e-01 -3.321618e-02 3.969548e-02
1.280383e-01 4.236375e-02 4.078143e-02
1.896818e-01 1.228542e-01 -3.587834e-02
