-2.836175e-01 1.747122e-03 8.334652e-02
-1.992580e-01 2.780417e-03 5.206865e-02
-2.103368e-02 6.184311e-03 1.170386e-01
4.686348e-02 1.107693e-03 4.885474e-02
1.480877e-01 -1.363800e-03 3.780060e-02
2.319438e-01 3.227242e-03 6.269341e-03
3.763704e-01 -6.032279e-04 -8.028444e-02
-1.870885e-01 -1.074129e-01 -4.255520e-02
-1.900073e-01 9.899011e-02 -3.837368e-02
-1.609289e-01 -1.823218e-01 -3.624257e-02
-1.840823e-01 -2.588043e-01 -8.177952e-02
-1.661984e-01 1.947134e-01 -3.720328e-02
-1.975054e-01 2.555033e-01 -8.230069e-02
9.496126e-03 -9.664744e-02 -2.425657e-03
4.267099e-02 -4.774760e-02 2.622642e-02
4.184514e-02 4.578840e-02 3.142438e-02
4.851806e-03 9.890389e-02 2.035807e-02
1.950632e-01 -1.246395e-01 -4.305066e-02
1.462603e-01 -3.133505e-02 3.683645e-02
1.483328e-01 2.646797e-02 3.769772e-02
1.979343e-01 1.154617e-01 -5.370578e-02
