-2.817689e-01 2.861564e-03 6.617793e-02
-2.109976e-01 -3.173362e-03 4.737391e-02
5.733286e-03 3.629901e-03 1.253891e-01
6.002669e-02 1.438167e-03 6.320301e-02
1.477885e-01 1.413408e-03 3.811804e-02
2.166067e-01 -2.950499e-04 1.930489e-02
4.071071e-01 1.180885e-02 -6.653119e-02
-1.919513e-01 -1.027779e-01 -4.544441e-02
-1.887435e-01 1.034162e-01 -4.704770e-02
-1.726292e-01 -1.752468e-01 -3.888394e-02
-1.920538e-01 -2.529400e-01 -6.310531e-02
-1.721377e-01 1.796275e-01 -3.882270e-02
-1.913003e-01 2.449805e-01 -6.230139e-02
1.778163e-02 -1.020596e-01 -7.378768e-03
5.617928e-02 -4.888741e-02 3.198927e-02
5.281982e-02 4.092999e-02 3.740904e-02
2.630981e-02 1.017199e-01 -7.575985e-03
1.640227e-01 -1.479329e-01 -6.342592e-02
1.423722e-01 -3.365381e-02 3.716970e-02
1.382007e-01 3.918750e-02 3.528221e-02
1.666339e-01 1.359534e-01 -6.089983e-02
