-2.711294e-01 2.978796e-03 7.838819e-02
-1.858049e-01 -3.201115e-03 4.800993e-02
-1.116431e-02 -2.827712e-03 1.164174e-01
3.907428e-02 -1.606769e-03 6.002179e-02
1.448573e-01 1.243778e-03 5.209739e-02
2.068852e-01 -4.308141e-04 7.246793e-03
4.086602e-01 -1.316676e-03 -1.299240e-01
-1.809484e-01 -1.093153e-01 -4.851310e-02
-1.883800e-01 1.126797e-01 -4.669227e-02
-1.657248e-01 -1.868963e-01 -4.122629e-02
-1.884170e-01 -2.601869e-01 -7.834320e-02
-1.708755e-01 1.928535e-01 -4.920130e-02
-1.977764e-01 2.566893e-01 -7.931480e-02
1.187167e-02 -9.462175e-02 5.487648e-03
4.039893e-02 -4.840486e-02 3.001255e-02
4.182515e-02 5.733465e-02 2.961627e-02
1.442239e-02 1.020599e-01 1.104260e-02
1.969352e-01 -1.113927e-01 -3.337841e-02
1.400283e-01 -3.907231e-02 4.191590e-02
1.335340e-01 3.706141e-02 4.775505e-02
1.817280e-01 9.637214e-02 -2.141817e-02
