-2.710422e-01 -3.499270e-03 6.986655e-02
-1.872892e-01 1.981598e-03 4.923716e-02
-7.409713e-03 8.200281e-03 1.278782e-01
6.734410e-02 4.837551e-03 4.614469e-02
1.551046e-01 2.107251e-03 3.474220e-02
2.202450e-01 2.754029e-03 1.203716e-02
3.871547e-01 -1.507434e-02 -7.796207e-02
-1.852813e-01 -1.055608e-01 -4.234865e-02
-1.989907e-01 1.012847e-01 -3.943137e-02
-1.583452e-01 -1.929759e-01 -4.165523e-02
-1.927664e-01 -2.582032e-01 -7.967814e-02
-1.688527e-01 1.926818e-01 -3.961072e-02
-2.058634e-01 2.642011e-01 -7.463757e-02
9.987162e-03 -9.632696e-02 1.362801e-02
5.014646e-02 -6.431282e-02 1.785625e-02
4.911560e-02 6.123648e-02 2.834817e-02
7.812473e-03 1.039784e-01 9.850541e-03
1.797394e-01 -1.308499e-01 -4.434721e-02
1.370491e-01 -3.020423e-02 3.407598e-02
1.381800e-01 3.010704e-02 3.870194e-02
1.739623e-01 1.236372e-01 -4.269585e-02
