-2.784657e-01 2.622811e-03 6.518751e-02
-2.040642e-01 -2.469494e-03 4.939347e-02
-1.567652e-02 -4.511125e-03 1.479552e-01
4.641208e-02 -2.796284e-04 8.353578e-02
1.544709e-01 4.658540e-03 3.662367e-02
2.003589e-01 5.683508e-03 1.583052e-02
4.161617e-01 7.672179e-03 -1.134690e-01
-1.834826e-01 -9.576722e-02 -4.640325e-02
-1.822438e-01 9.546660e-02 -4.042087e-02
-1.494510e-01 -1.753550e-01 -3.761942e-02
-1.883429e-01 -2.611034e-01 -7.481570e-02
-1.534530e-01 1.860773e-01 -5.714444e-02
-1.823080e-01 2.559096e-01 -7.157135e-02
-1.511527e-03 -9.491581e-02 3.562793e-04
4.750464e-02 -5.795139e-02 3.693298e-02
4.164213e-02 4.903771e-02 4.291397e-02
1.148142e-03 9.666692e-02 -3.673707e-03
1.809701e-01 -1.374358e-01 -5.676351e-02
1.409472e-01 -4.645866e-02 3.293466e-02
1.343180e-01 4.101351e-02 3.767939e-02
1.750654e-01 1.314389e-01 -4.746220e-02
