-2.889852e-01 -1.130596e-03 8.619800e-02
-1.925801e-01 4.713415e-04 5.148447e-02
-1.493565e-02 -4.603466e-04 1.260612e-01
5.008311e-02 4.920928e-05 6.231086e-02
1.320797e-01 9.437057e-04 4.118014e-02
2.231277e-01 -8.523170e-04 2.054232e-03
3.895204e-01 -2.135982e-03 -8.305688e-02
-1.797273e-01 -1.056039e-01 -4.442847e-02
-1.823618e-01 1.055428e-01 -4.376573e-02
-1.682254e-01 -1.980535e-01 -3.466083e-02
-1.812619e-01 -2.678721e-01 -8.160805e-02
-1.714733e-01 1.922732e-01 -3.077168e-02
-1.829449e-01 2.693658e-01 -8.170723e-02
2.027054e-02 -9.619572e-02 -6.025285e-03
5.917577e-02 -4.566636e-02 2.870096e-02
5.310891e-02 5.215111e-02 2.786466e-02
1.534916e-02 1.044868e-01 -2.544189e-03
1.828309e-01 -1.244172e-01 -4.586227e-02
1.304901e-01 -3.456044e-02 3.740827e-02
1.302146e-01 3.640620e-02 3.827753e-02
1.762447e-01 1.152583e-01 -4.710966e-02
