-2.868794e-01 -2.037322e-03 6.614518e-02
-2.123992e-01 2.100394e-03 3.468324e-02
-1.574321e-02 -6.354251e-03 1.239403e-01
5.118325e-02 1.285023e-03 5.364271e-02
1.374309e-01 -1.150471e-03 4.752328e-02
2.243945e-01 4.518427e-03 -5.566160e-03
3.871906e-01 1.278308e-02 -9.536037e-02
-1.799974e-01 -1.101488e-01 -4.321402e-02
-1.812381e-01 1.103655e-01 -3.775744e-02
-1.676731e-01 -1.943939e-01 -4.193125e-02
-1.969239e-01 -2.536815e-01 -6.531184e-02
-1.556692e-01 1.984710e-01 -3.723113e-02
-1.859781e-01 2.474174e-01 -6.749777e-02
1.400052e-02 -9.620054e-02 1.690702e-02
5.288689e-02 -5.668109e-02 2.566467e-02
5.386451e-02 5.086849e-02 3.304848e-02
6.416627e-04 9.982458e-02 -1.065736e-04
1.905662e-01 -1.179112e-01 -3.739727e-02
1.426487e-01 -4.044541e-02 3.923058e-02
1.344953e-01 2.851546e-02 4.658076e-02
1.931984e-01 1.228551e-01 -5.599237e-02
