-2.543375e-01 1.955570e-04 9.313509e-02
-1.737429e-01 -2.593939e-03 4.294687e-02
-1.339405e-02 -2.691934e-04 9.979209e-02
4.214584e-02 1.546500e-03 2.640599e-02
1.307152e-01 -1.492823e-03 3.682441e-02
2.261189e-01 2.572363e-03 4.355987e-02
3.564095e-01 3.235511e-03 -7.403762e-02
-1.619669e-01 -1.182020e-01 -3.006241e-02
-1.663852e-01 1.158143e-01 -3.478591e-02
-1.571284e-01 -2.315470e-01 -2.122702e-02
-1.928618e-01 -2.970204e-01 -7.169359e-02
-1.513602e-01 2.217252e-01 -1.908101e-02
-1.893142e-01 2.994951e-01 -7.140043e-02
-6.265010e-03 -1.148075e-01 -2.028952e-02
3.424700e-02 -6.398322e-02 -1.888781e-03
4.021485e-02 6.348305e-02 3.183640e-03
4.863454e-03 1.221842e-01 -1.711492e-02
1.956227e-01 -1.681500e-01 -2.230749e-02
1.256018e-01 -4.420370e-02 3.040479e-02
1.279632e-01 5.058211e-02 2.943002e-02
1.828540e-01 1.614361e-01 -2.179407e-02
