-2.794063e-01 -7.048503e-03 5.405470e-02
-1.991078e-01 1.604180e-03 3.674423e-02
1.158388e-03 2.846028e-04 1.078409e-01
5.237696e-02 2.225203e-03 4.960964e-02
1.454971e-01 6.544354e-04 3.959474e-02
2.095191e-01 1.868270e-03 3.007046e-02
4.043893e-01 1.652543e-03 -9.364087e-02
-1.880911e-01 -1.112571e-01 -3.948287e-02
-1.888050e-01 1.161719e-01 -3.847913e-02
-1.675646e-01 -1.960341e-01 -3.161823e-02
-1.848207e-01 -2.680359e-01 -5.661864e-02
-1.612141e-01 1.990971e-01 -3.430954e-02
-1.897705e-01 2.620540e-01 -5.134305e-02
1.286498e-02 -1.047189e-01 -1.171897e-02
4.593468e-02 -5.562868e-02 2.359273e-02
5.299823e-02 4.724198e-02 2.285044e-02
1.080292e-02 1.080471e-01 -1.186113e-02
1.674887e-01 -1.330321e-01 -3.127443e-02
1.424726e-01 -2.996025e-02 3.886372e-02
1.419781e-01 3.235905e-02 3.703446e-02
1.712990e-01 1.324552e-01 -3.990918e-02
