-2.668463e-01 -1.881337e-03 6.532547e-02
-1.980633e-01 -4.339183e-03 4.589872e-02
-4.340473e-03 -4.290047e-03 1.173816e-01
6.843657e-02 -2.339371e-03 4.670671e-02
1.520076e-01 5.590567e-03 4.293580e-02
2.310925e-01 3.263826e-03 4.607105e-04
3.701320e-01 -2.052103e-03 -7.985289e-02
-1.931214e-01 -1.084846e-01 -4.333128e-02
-1.965765e-01 1.060237e-01 -5.054213e-02
-1.774562e-01 -1.838304e-01 -4.502620e-02
-2.013759e-01 -2.591762e-01 -6.516155e-02
-1.768426e-01 1.940430e-01 -4.114759e-02
-2.014815e-01 2.541066e-01 -7.335029e-02
5.488360e-03 -9.887651e-02 4.191606e-04
5.010907e-02 -5.494994e-02 2.492550e-02
4.812012e-02 5.000815e-02 3.177935e-02
1.654077e-02 1.003044e-01 1.751639e-02
1.839177e-01 -1.135638e-01 -3.328743e-02
1.548607e-01 -3.470708e-02 3.750424e-02
1.519670e-01 4.102141e-02 3.578206e-02
1.834316e-01 1.141288e-01 -3.493640e-02
