-2.991519e-01 2.930612e-03 5.786081e-02
-2.139087e-01 -9.356326e-04 3.501533e-02
8.819608e-03 -9.968490e-03 1.320771e-01
7.297987e-02 -4.183370e-03 4.489081e-02
1.543184e-01 -1.953349e-03 4.568095e-02
2.331183e-01 4.062317e-03 1.944965e-02
3.754382e-01 1.142146e-02 -9.014316e-02
-1.884401e-01 -8.723249e-02 -4.814451e-02
-1.866102e-01 8.574186e-02 -5.053893e-02
-1.774398e-01 -1.723680e-01 -1.861745e-02
-2.072304e-01 -2.437212e-01 -5.879568e-02
-1.769194e-01 1.846504e-01 -3.621002e-02
-2.023700e-01 2.453279e-01 -7.821899e-02
1.590693e-02 -9.906526e-02 -1.935193e-02
6.171341e-02 -5.863910e-02 1.618117e-02
6.066266e-02 4.674276e-02 1.832281e-02
2.704420e-02 9.074184e-02 2.655903e-02
1.895603e-01 -1.233041e-01 -4.144415e-02
1.374714e-01 -3.439670e-02 4.239918e-02
1.388693e-01 3.045133e-02 4.477325e-02
1.761680e-01 1.336973e-01 -4.174528e-02
