-2.948311e-01 1.483380e-03 5.498264e-02
-2.191216e-01 6.838110e-04 3.393709e-02
3.223929e-03 -7.268220e-04 1.520846e-01
8.141685e-02 -1.387156e-03 4.208925e-02
1.487006e-01 8.483726e-04 2.185513e-02
2.232331e-01 2.492431e-03 -4.334385e-03
3.959713e-01 1.041455e-03 -4.697404e-02
-1.849104e-01 -9.082645e-02 -4.589088e-02
-1.854139e-01 9.593145e-02 -5.065262e-02
-1.701704e-01 -1.811890e-01 -2.688490e-02
-1.969107e-01 -2.604529e-01 -6.767479e-02
-1.670258e-01 1.801140e-01 -2.838528e-02
-1.979777e-01 2.497527e-01 -7.073061e-02
1.835983e-02 -9.557373e-02 2.202760e-02
5.988267e-02 -5.241088e-02 2.218307e-02
5.921504e-02 5.488556e-02 3.035069e-02
1.477341e-02 9.606024e-02 4.405244e-02
1.690825e-01 -1.319913e-01 -5.767861e-02
1.389864e-01 -3.433110e-02 1.870166e-02
1.347978e-01 3.470506e-02 2.009594e-02
1.687181e-01 1.308908e-01 -6.315404e-02
