-2.858888e-01 1.477410e-03 4.486017e-02
-2.211642e-01 -3.820378e-03 4.489723e-02
-1.486315e-03 -8.221535e-03 1.583783e-01
5.954832e-02 -5.335241e-03 5.008563e-02
1.538101e-01 5.057715e-03 3.041037e-02
2.357344e-01 2.991106e-03 8.398642e-03
4.081343e-01 -1.288605e-02 -6.416440e-02
-1.819819e-01 -8.452862e-02 -3.934088e-02
-1.928500e-01 9.449718e-02 -5.065705e-02
-1.710676e-01 -1.768040e-01 -3.443351e-02
-1.876533e-01 -2.449676e-01 -5.500210e-02
-1.735138e-01 1.785497e-01 -3.379104e-02
-1.980254e-01 2.407830e-01 -6.273218e-02
7.889710e-03 -8.315686e-02 -1.215805e-02
4.531144e-02 -5.006978e-02 2.109540e-02
4.904640e-02 4.872634e-02 3.038491e-02
2.620932e-03 8.547161e-02 3.535206e-02
1.844361e-01 -1.257629e-01 -5.404853e-02
1.465948e-01 -3.084175e-02 2.644644e-02
1.407011e-01 4.605363e-02 2.385240e-02
1.798037e-01 1.227870e-01 -6.783380e-02
