-2.907359e-01 -3.993680e-03 6.594074e-02
-2.264634e-01 -4.703873e-03 4.882904e-02
-4.723261e-03 -5.843591e-03 1.342037e-01
5.186626e-02 -3.430849e-03 6.221626e-02
1.414008e-01 -8.672388e-04 3.898693e-02
2.163144e-01 1.764546e-03 8.804465e-03
4.119281e-01 1.492333e-03 -9.761876e-02
-1.844276e-01 -9.124377e-02 -4.168519e-02
-1.866568e-01 8.430152e-02 -3.794762e-02
-1.546704e-01 -1.719478e-01 -2.783609e-02
-1.865857e-01 -2.466435e-01 -7.348765e-02
-1.582955e-01 1.894072e-01 -3.446128e-02
-1.961560e-01 2.567554e-01 -8.696765e-02
1.036858e-02 -9.368076e-02 3.572627e-04
5.054170e-02 -5.230678e-02 2.905321e-02
5.000902e-02 5.081222e-02 3.293571e-02
7.758543e-03 9.591705e-02 1.430778e-03
1.847955e-01 -1.158091e-01 -4.997941e-02
1.384849e-01 -3.290483e-02 3.236065e-02
1.400425e-01 2.641012e-02 3.699537e-02
1.852042e-01 1.165153e-01 -4.213044e-02
