-2.986139e-01 5.254968e-04 6.230218e-02
-2.167423e-01 -4.381238e-03 4.624075e-02
-7.118295e-03 7.639848e-03 1.313833e-01
6.792425e-02 2.631507e-05 3.256906e-02
1.328768e-01 -1.431289e-03 2.930805e-02
2.287337e-01 1.641130e-03 1.608030e-02
3.969446e-01 1.766246e-02 -7.378116e-02
-1.838069e-01 -1.034386e-01 -4.908818e-02
-1.710233e-01 1.004487e-01 -3.919438e-02
-1.663350e-01 -1.952394e-01 -2.753626e-02
-1.898367e-01 -2.584749e-01 -7.236954e-02
-1.562882e-01 1.917763e-01 -2.543288e-02
-1.851376e-01 2.572707e-01 -7.919936e-02
1.766592e-02 -9.593134e-02 3.405130e-02
5.015432e-02 -4.622214e-02 2.466502e-02
5.184999e-02 5.694598e-02 2.557940e-02
1.746526e-02 9.766425e-02 3.285904e-02
1.798283e-01 -1.353378e-01 -5.782326e-02
1.324793e-01 -4.768853e-02 2.390683e-02
1.248505e-01 2.995156e-02 2.633832e-02
1.741292e-01 1.265925e-01 -6.085858e-02
