-2.685383e-01 -1.824612e-03 5.771449e-02
-1.957168e-01 -5.681335e-03 3.614288e-02
-5.381197e-03 7.388579e-03 1.229461e-01
4.380092e-02 3.061011e-04 6.514490e-02
1.442213e-01 1.567951e-03 4.863647e-02
2.482831e-01 4.310333e-03 1.543540e-02
4.015571e-01 5.742311e-03 -1.026627e-01
-1.804972e-01 -9.485121e-02 -4.281942e-02
-1.892324e-01 9.387386e-02 -4.467027e-02
-1.676105e-01 -1.848274e-01 -3.012261e-02
-1.999824e-01 -2.457249e-01 -6.750176e-02
-1.697480e-01 1.888662e-01 -3.236294e-02
-2.022994e-01 2.490999e-01 -7.332176e-02
-9.531878e-06 -9.690508e-02 -7.583979e-03
4.784229e-02 -5.000004e-02 2.180660e-02
5.145996e-02 4.339562e-02 2.557817e-02
1.049717e-02 9.639596e-02 8.081509e-03
1.785161e-01 -1.387886e-01 -4.735886e-02
1.342119e-01 -3.411430e-02 4.582890e-02
1.378182e-01 3.208898e-02 4.607874e-02
1.808078e-01 1.296817e-01 -4.498978e-02
