-2.811509e-01 2.679952e-03 6.929122e-02
-2.065545e-01 1.182934e-04 4.321718e-02
-1.246101e-03 -2.492624e-03 1.355441e-01
6.672172e-02 -3.201226e-03 5.950436e-02
1.316302e-01 4.856307e-03 4.049979e-02
2.341955e-01 6.847153e-03 3.084414e-03
3.975025e-01 -1.359799e-02 -4.768608e-02
-1.755182e-01 -1.082718e-01 -4.155299e-02
-1.785026e-01 1.076146e-01 -4.497100e-02
-1.624415e-01 -1.905390e-01 -2.566120e-02
-1.871455e-01 -2.684941e-01 -6.388622e-02
-1.626317e-01 1.978606e-01 -2.569179e-02
-2.001999e-01 2.597326e-01 -7.244491e-02
2.024284e-02 -9.768749e-02 -1.248319e-02
5.333098e-02 -5.449806e-02 1.868306e-02
5.470505e-02 4.805476e-02 1.930630e-02
2.760940e-02 9.976908e-02 1.125055e-02
1.694122e-01 -1.447042e-01 -7.162766e-02
1.216322e-01 -3.724914e-02 3.235717e-02
1.174199e-01 4.268214e-02 3.534935e-02
1.609884e-01 1.505201e-01 -6.208240e-02
