-2.987998e-01 -5.879132e-04 5.011596e-02
-2.058223e-01 -1.432778e-03 4.555282e-02
3.969480e-03 8.122016e-04 1.405832e-01
5.730975e-02 1.756564e-04 5.919923e-02
1.410770e-01 -3.836449e-03 3.739401e-02
2.378452e-01 3.956553e-03 4.354857e-03
4.115025e-01 -2.769915e-03 -9.860151e-02
-1.763347e-01 -9.558634e-02 -4.420186e-02
-1.777682e-01 9.753182e-02 -4.534815e-02
-1.622419e-01 -1.851801e-01 -2.808140e-02
-1.969012e-01 -2.456985e-01 -7.343641e-02
-1.632023e-01 1.792310e-01 -3.065031e-02
-1.976039e-01 2.450126e-01 -7.518596e-02
3.675068e-03 -8.845636e-02 -3.700272e-03
4.360266e-02 -4.528818e-02 3.335170e-02
4.038260e-02 4.906544e-02 3.580540e-02
7.313396e-03 9.328542e-02 2.375130e-02
1.895145e-01 -1.193146e-01 -4.456262e-02
1.298800e-01 -3.749852e-02 3.513246e-02
1.322668e-01 3.946109e-02 3.258505e-02
1.803354e-01 1.171178e-01 -5.405744e-02
