-2.485876e-01 -2.193496e-03 6.172317e-02
-1.915555e-01 -2.950345e-03 7.092477e-02
1.251028e-02 3.684877e-03 1.524373e-01
6.099767e-02 1.685940e-03 6.436127e-02
1.499724e-01 5.159655e-04 4.154977e-02
2.101096e-01 -1.253117e-03 2.392730e-02
3.840160e-01 5.084824e-03 -5.391990e-02
-1.938032e-01 -1.021896e-01 -5.167543e-02
-1.943571e-01 1.218581e-01 -5.766677e-02
-1.600410e-01 -1.970170e-01 -3.462342e-02
-1.938917e-01 -2.635339e-01 -7.707079e-02
-1.678634e-01 1.946552e-01 -3.525585e-02
-2.065180e-01 2.534229e-01 -7.180363e-02
1.226430e-02 -9.993823e-02 -9.417363e-03
4.773116e-02 -5.002595e-02 2.973190e-02
4.978010e-02 5.697548e-02 3.135073e-02
2.188922e-02 1.051789e-01 -1.600483e-02
1.698849e-01 -1.563925e-01 -7.368423e-02
1.343910e-01 -4.592848e-02 3.380099e-02
1.370915e-01 4.412968e-02 3.841383e-02
1.659792e-01 1.342309e-01 -6.709882e-02
