-2.900816e-01 -4.147699e-03 4.617054e-02
-2.220275e-01 -3.158666e-03 2.560309e-02
1.588070e-02 -3.009083e-03 1.362465e-01
6.417050e-02 -3.441158e-03 8.003803e-02
1.491668e-01 -4.229200e-03 4.602368e-02
2.367174e-01 -6.324164e-03 8.750089e-03
4.071733e-01 2.909877e-03 -9.174338e-02
-1.891577e-01 -8.226008e-02 -4.140004e-02
-2.018291e-01 9.284439e-02 -4.503820e-02
-1.718900e-01 -1.639170e-01 -2.039736e-02
-1.966307e-01 -2.280788e-01 -6.066785e-02
-1.899419e-01 1.791234e-01 -3.237945e-02
-2.091360e-01 2.333304e-01 -6.731017e-02
2.297440e-02 -8.382551e-02 -1.531011e-02
5.049323e-02 -4.735238e-02 3.092057e-02
5.585600e-02 4.852269e-02 2.471880e-02
1.882225e-02 8.640053e-02 -1.553490e-02
1.857916e-01 -1.152420e-01 -5.245925e-02
1.413109e-01 -3.952357e-02 4.045880e-02
1.389530e-01 2.782037e-02 4.376207e-02
1.833843e-01 1.135577e-01 -4.045146e-02
