-2.785113e-01 -4.113205e-04 6.720434e-02
-2.164789e-01 -4.049621e-03 5.005889e-02
2.900835e-02 -5.530283e-03 1.385145e-01
6.843012e-02 -4.697563e-03 4.380444e-02
1.405372e-01 6.156925e-04 3.669005e-02
2.317514e-01 2.582537e-03 1.176034e-02
3.997388e-01 3.428817e-06 -5.899672e-02
-1.881284e-01 -8.937988e-02 -4.468869e-02
-1.906885e-01 9.797712e-02 -4.669353e-02
-1.758901e-01 -1.814363e-01 -3.036687e-02
-1.985019e-01 -2.406340e-01 -6.208782e-02
-1.765744e-01 1.827130e-01 -3.548555e-02
-2.063119e-01 2.463777e-01 -6.495834e-02
1.170465e-02 -1.136921e-01 -2.178865e-02
4.694768e-02 -6.285346e-02 2.394553e-02
4.914584e-02 5.412229e-02 2.864044e-02
1.444658e-02 1.099396e-01 -1.794867e-02
1.853349e-01 -1.148489e-01 -3.942294e-02
1.388276e-01 -3.264625e-02 3.258112e-02
1.345026e-01 4.087097e-02 3.077885e-02
1.807097e-01 1.149773e-01 -4.154071e-02
