-2.696278e-01 -2.563059e-03 6.857588e-02
-2.135580e-01 -4.019858e-03 5.895499e-02
1.606949e-02 1.664741e-03 1.505225e-01
6.481657e-02 -1.194808e-03 6.165726e-02
1.502381e-01 4.463138e-03 3.045395e-02
2.340339e-01 3.002444e-03 5.181258e-03
4.038492e-01 -8.677501e-03 -4.519393e-02
-1.983549e-01 -9.348611e-02 -5.567609e-02
-1.930313e-01 9.456755e-02 -5.268259e-02
-1.798496e-01 -1.777417e-01 -4.634765e-02
-1.973362e-01 -2.420566e-01 -7.868603e-02
-1.775813e-01 1.718100e-01 -4.136996e-02
-1.924852e-01 2.244510e-01 -5.391789e-02
7.591159e-03 -8.845600e-02 3.746264e-02
5.043818e-02 -4.844031e-02 2.151846e-02
5.749658e-02 5.411679e-02 3.266206e-02
4.628925e-03 1.077977e-01 -1.748874e-02
1.720127e-01 -1.414505e-01 -6.092114e-02
1.424777e-01 -4.232721e-02 2.187861e-02
1.443098e-01 4.710698e-02 2.661571e-02
1.738622e-01 1.414333e-01 -6.319934e-02
