-2.670771e-01 2.885736e-03 4.437388e-02
-2.142364e-01 6.399762e-04 3.952870e-02
2.351971e-03 1.151520e-02 1.376605e-01
5.910021e-02 7.112232e-03 6.396281e-02
1.467913e-01 1.402493e-03 3.981501e-02
2.284443e-01 -3.585707e-03 2.297103e-03
3.952719e-01 -1.255338e-02 -8.903022e-02
-1.929932e-01 -1.071166e-01 -4.875386e-02
-1.941405e-01 9.543639e-02 -5.493847e-02
-1.725838e-01 -1.886948e-01 -3.673743e-02
-1.949446e-01 -2.522047e-01 -7.164397e-02
-1.760267e-01 1.811045e-01 -3.507060e-02
-1.986616e-01 2.364556e-01 -6.032663e-02
1.546283e-02 -8.177392e-02 2.398975e-02
5.189758e-02 -4.623593e-02 1.576696e-02
5.111257e-02 5.841699e-02 2.842669e-02
1.991365e-02 1.044380e-01 3.397594e-02
1.864694e-01 -1.344728e-01 -5.883894e-02
1.384121e-01 -3.062970e-02 3.251435e-02
1.381119e-01 3.669016e-02 3.840864e-02
1.773242e-01 1.211703e-01 -4.538015e-02
