-2.747641e-01 1.604711e-03 3.277837e-02
-2.287128e-01 -6.508155e-04 3.104883e-02
4.989744e-03 -6.610215e-03 1.461976e-01
7.295204e-02 -5.115548e-03 5.949997e-02
1.509304e-01 -5.402992e-04 4.612436e-02
2.403143e-01 -9.974443e-05 6.414304e-03
4.051454e-01 -3.380570e-03 -1.152579e-01
-1.927570e-01 -8.177886e-02 -5.410158e-02
-1.961965e-01 9.321754e-02 -5.677074e-02
-1.776584e-01 -1.660004e-01 -3.688754e-02
-2.061870e-01 -2.260706e-01 -7.001103e-02
-1.811541e-01 1.708971e-01 -4.187701e-02
-2.143796e-01 2.187789e-01 -7.348000e-02
1.849883e-02 -8.615587e-02 4.173644e-02
5.415751e-02 -5.763618e-02 2.760533e-02
6.232008e-02 4.382266e-02 3.887401e-02
2.628272e-02 8.922626e-02 4.628137e-02
1.844137e-01 -1.117361e-01 -5.216345e-02
1.382695e-01 -3.251614e-02 3.998364e-02
1.434034e-01 4.147721e-02 3.894244e-02
1.701319e-01 1.192670e-01 -5.493741e-02
