-2.904896e-01 2.257321e-03 7.659022e-02
-1.873585e-01 -2.130550e-03 5.023205e-02
6.519144e-03 -2.253492e-03 1.316926e-01
6.249671e-02 -1.322277e-03 4.427644e-02
1.415292e-01 3.692511e-04 3.527292e-02
2.268205e-01 3.282704e-03 6.416433e-03
3.957822e-01 -3.707489e-03 -3.529552e-02
-1.918088e-01 -1.037703e-01 -4.532742e-02
-1.932616e-01 1.005428e-01 -3.408796e-02
-1.762451e-01 -1.952129e-01 -3.448127e-02
-1.941408e-01 -2.558326e-01 -6.548490e-02
-1.758047e-01 1.942659e-01 -3.306676e-02
-1.903937e-01 2.507727e-01 -6.244057e-02
2.677223e-02 -1.002301e-01 -8.678341e-03
5.153740e-02 -5.023709e-02 1.861080e-02
5.722586e-02 6.265865e-02 7.610866e-03
1.242425e-02 1.018384e-01 -6.084199e-03
1.792122e-01 -1.275975e-01 -5.313547e-02
1.321918e-01 -3.059503e-02 3.467964e-02
1.318183e-01 2.907771e-02 3.436360e-02
1.751732e-01 1.278240e-01 -6.166319e-02
