-2.719648e-01 -8.619823e-04 6.653438e-02
-2.166613e-01 -3.656086e-03 4.745348e-02
1.835267e-02 -1.127109e-02 1.425384e-01
6.613182e-02 1.390043e-03 6.565144e-02
1.474653e-01 4.027719e-03 2.902549e-02
2.289961e-01 -4.164068e-04 7.596200e-03
4.086940e-01 -1.570544e-03 -6.027332e-02
-1.875113e-01 -9.614190e-02 -4.559887e-02
-1.856039e-01 1.048941e-01 -4.657394e-02
-1.722989e-01 -1.867757e-01 -3.192932e-02
-1.944228e-01 -2.421465e-01 -5.673059e-02
-1.793485e-01 1.884242e-01 -4.157145e-02
-2.016806e-01 2.545362e-01 -7.030546e-02
1.876197e-02 -1.032063e-01 -2.131538e-02
5.815182e-02 -5.911371e-02 1.933099e-02
5.670512e-02 4.080076e-02 3.172108e-02
1.039956e-02 1.009409e-01 -1.280455e-02
1.649231e-01 -1.269552e-01 -4.559241e-02
1.392521e-01 -2.639726e-02 2.832130e-02
1.307040e-01 3.348699e-02 3.236538e-02
1.609545e-01 1.300119e-01 -3.784286e-02
