-2.941090e-01 -1.272088e-03 8.270628e-02
-2.092934e-01 -2.548852e-03 5.344139e-02
1.218538e-02 -7.771322e-03 1.274514e-01
6.827049e-02 1.157449e-03 5.351578e-02
1.337674e-01 8.946249e-04 3.433149e-02
2.127767e-01 2.084337e-03 1.240273e-02
3.988811e-01 4.871397e-03 -3.881567e-02
-1.799600e-01 -1.005012e-01 -3.870068e-02
-1.828439e-01 1.131034e-01 -4.694735e-02
-1.574986e-01 -1.973471e-01 -2.344570e-02
-1.861751e-01 -2.707412e-01 -6.998294e-02
-1.587580e-01 2.023729e-01 -3.433485e-02
-1.872970e-01 2.651313e-01 -8.078877e-02
1.249830e-02 -9.431833e-02 -1.738120e-02
5.763973e-02 -4.313253e-02 2.665785e-02
5.602046e-02 4.572473e-02 2.481659e-02
8.688406e-03 9.231618e-02 1.846444e-02
1.694392e-01 -1.369666e-01 -7.250440e-02
1.339988e-01 -3.666815e-02 2.712591e-02
1.280302e-01 3.327860e-02 3.127894e-02
1.637388e-01 1.303323e-01 -6.929126e-02
