-2.713708e-01 -3.272290e-03 6.248871e-02
-2.012361e-01 -3.395813e-03 5.107404e-02
1.027085e-02 8.182914e-03 1.497528e-01
5.798055e-02 5.101394e-03 6.929705e-02
1.431024e-01 2.425350e-03 4.650407e-02
2.351742e-01 -2.713158e-03 3.388156e-03
3.971617e-01 -2.450285e-03 -1.000533e-01
-1.926036e-01 -1.026187e-01 -4.881944e-02
-1.901032e-01 9.396389e-02 -4.338958e-02
-1.758387e-01 -1.891186e-01 -4.690332e-02
-2.002828e-01 -2.431921e-01 -7.663579e-02
-1.689220e-01 1.766279e-01 -4.166406e-02
-1.963849e-01 2.440219e-01 -7.045923e-02
5.908400e-03 -9.381857e-02 -8.377257e-03
4.260851e-02 -4.302648e-02 3.841949e-02
4.373113e-02 5.778921e-02 3.057408e-02
1.293968e-02 9.646183e-02 -1.754866e-02
1.905918e-01 -1.149545e-01 -4.335330e-02
1.375402e-01 -3.357712e-02 4.031428e-02
1.341134e-01 3.531765e-02 4.304683e-02
1.856194e-01 1.122456e-01 -3.765555e-02
