-2.796696e-01 -5.825600e-03 6.262609e-02
-2.183085e-01 -2.943709e-03 3.863800e-02
2.380008e-02 4.318313e-03 1.361208e-01
6.163814e-02 4.278539e-03 6.053689e-02
1.337341e-01 -8.968465e-04 5.323331e-02
2.207583e-01 3.902922e-03 -4.140993e-03
3.984866e-01 2.216433e-04 -8.393519e-02
-1.857188e-01 -9.339418e-02 -5.133190e-02
-1.879748e-01 9.612906e-02 -5.016313e-02
-1.687157e-01 -1.844274e-01 -3.761151e-02
-2.024259e-01 -2.353960e-01 -7.708275e-02
-1.738494e-01 1.794386e-01 -3.835435e-02
-1.998323e-01 2.350926e-01 -7.810228e-02
2.020399e-02 -9.890928e-02 2.403279e-02
5.198355e-02 -4.934014e-02 2.107127e-02
6.115857e-02 5.341666e-02 2.179660e-02
1.844396e-02 1.039072e-01 3.931727e-02
1.783449e-01 -1.410662e-01 -5.950122e-02
1.326767e-01 -3.819595e-02 4.255926e-02
1.331507e-01 3.612105e-02 4.654465e-02
1.821153e-01 1.335688e-01 -6.625359e-02
