-2.771826e-01 1.889718e-03 6.378415e-02
-2.188954e-01 -1.680717e-03 3.918297e-02
2.954096e-02 3.654462e-03 1.613339e-01
6.890851e-02 9.893408e-04 6.613085e-02
1.383254e-01 5.005146e-04 4.714637e-02
2.336845e-01 4.089124e-04 3.218200e-03
3.882535e-01 3.517588e-03 -9.950527e-02
-1.959814e-01 -1.005396e-01 -5.692084e-02
-1.885792e-01 1.029709e-01 -5.183827e-02
-1.732629e-01 -1.819967e-01 -4.438759e-02
-1.872781e-01 -2.528627e-01 -7.293978e-02
-1.680411e-01 1.784991e-01 -4.725642e-02
-1.882578e-01 2.394044e-01 -8.330892e-02
1.158770e-02 -9.161883e-02 -5.585538e-03
5.493139e-02 -4.490926e-02 3.864329e-02
5.305796e-02 5.093716e-02 3.286117e-02
1.401386e-02 9.545921e-02 3.650661e-02
1.711553e-01 -1.333903e-01 -5.730001e-02
1.328590e-01 -3.318649e-02 4.190441e-02
1.298258e-01 3.238069e-02 4.479203e-02
1.713346e-01 1.295725e-01 -5.646131e-02
