-2.782886e-01 -4.405698e-03 7.411524e-02
-1.987469e-01 -2.024356e-03 5.718774e-02
1.563320e-02 5.029780e-04 1.348478e-01
6.576300e-02 -6.068601e-03 6.512090e-02
1.438027e-01 7.378695e-04 4.326219e-02
2.409506e-01 2.347171e-03 1.637074e-03
3.715533e-01 3.944848e-03 -7.415265e-02
-1.815463e-01 -1.151322e-01 -5.083053e-02
-1.840042e-01 1.080587e-01 -5.813807e-02
-1.741842e-01 -1.985727e-01 -3.775957e-02
-1.982132e-01 -2.399653e-01 -7.188972e-02
-1.837161e-01 1.999101e-01 -4.596624e-02
-1.962269e-01 2.529548e-01 -7.609453e-02
6.942804e-03 -8.972680e-02 -1.424463e-02
4.785123e-02 -4.622812e-02 3.422174e-02
5.337456e-02 4.984458e-02 3.332597e-02
8.170360e-03 9.115798e-02 -1.478484e-04
1.787956e-01 -1.233859e-01 -5.144055e-02
1.405788e-01 -3.559066e-02 3.962796e-02
1.422905e-01 3.435301e-02 4.297581e-02
1.792198e-01 1.172882e-01 -4.565806e-02
