-2.934368e-01 5.562639e-03 8.005484e-02
-1.646108e-01 -4.280162e-03 2.378756e-02
-3.149726e-02 -9.056531e-04 1.049306e-01
4.058909e-02 2.827364e-03 4.882811e-02
1.363221e-01 2.744902e-04 3.873428e-02
2.174777e-01 -2.095771e-03 1.015742e-02
3.699798e-01 -4.059450e-03 -1.059825e-01
-1.672114e-01 -1.188152e-01 -3.772718e-02
-1.726572e-01 1.218856e-01 -4.412580e-02
-1.447634e-01 -2.133631e-01 -3.581886e-02
-1.789160e-01 -2.915888e-01 -6.717715e-02
-1.548215e-01 2.188727e-01 -3.970896e-02
-1.896508e-01 2.868225e-01 -7.636832e-02
8.560718e-03 -1.043184e-01 -2.263255e-05
4.232019e-02 -5.146294e-02 2.060330e-02
3.994966e-02 5.332213e-02 3.694002e-02
3.794930e-03 1.090442e-01 1.849212e-02
1.930518e-01 -1.252913e-01 -3.953193e-02
1.281134e-01 -2.025641e-02 4.146010e-02
1.294739e-01 2.288518e-02 4.634648e-02
1.879317e-01 1.149403e-01 -2.387151e-02
