-2.776702e-01 5.235380e-03 7.545443e-02
-2.026993e-01 -3.199213e-03 5.782430e-02
1.633363e-02 2.877975e-03 1.400788e-01
6.231557e-02 -1.888806e-03 6.738729e-02
1.367953e-01 -7.607329e-04 4.700228e-02
2.325260e-01 -1.214820e-03 3.818068e-04
3.917742e-01 6.761106e-05 -7.948038e-02
-1.812238e-01 -1.011391e-01 -5.088975e-02
-1.883370e-01 1.027357e-01 -4.814624e-02
-1.564253e-01 -1.904969e-01 -4.570537e-02
-1.886287e-01 -2.523406e-01 -9.130058e-02
-1.647488e-01 1.922078e-01 -4.032976e-02
-1.941883e-01 2.545607e-01 -8.037893e-02
1.091382e-02 -9.698621e-02 2.895212e-02
4.468781e-02 -4.782414e-02 3.398658e-02
4.102393e-02 4.930805e-02 3.790213e-02
7.798302e-03 9.773891e-02 -8.637027e-03
1.747477e-01 -1.378616e-01 -6.335808e-02
1.357101e-01 -3.258695e-02 4.223712e-02
1.360614e-01 3.024407e-02 4.287996e-02
1.632335e-01 1.313227e-01 -6.586067e-02
