-2.790793e-01 2.076987e-03 6.354299e-02
-2.212666e-01 -1.673982e-03 5.146372e-02
2.793076e-02 -2.465921e-03 1.416317e-01
6.422659e-02 1.483665e-03 6.074524e-02
1.366868e-01 -5.181487e-03 4.697924e-02
2.330199e-01 4.652831e-04 1.043730e-02
4.005946e-01 1.266096e-03 -6.881582e-02
-1.899290e-01 -1.057918e-01 -4.350624e-02
-1.910087e-01 1.080465e-01 -4.279017e-02
-1.700963e-01 -1.766268e-01 -3.148226e-02
-1.903309e-01 -2.479128e-01 -8.463247e-02
-1.700084e-01 1.832001e-01 -3.698416e-02
-1.968140e-01 2.387274e-01 -8.309364e-02
2.164695e-02 -8.255987e-02 2.225479e-02
4.618821e-02 -4.791016e-02 2.119058e-02
5.118012e-02 4.732370e-02 1.827839e-02
2.704939e-02 8.510790e-02 1.428160e-02
1.751999e-01 -1.353272e-01 -7.453313e-02
1.291101e-01 -3.717100e-02 4.153716e-02
1.242160e-01 3.431461e-02 4.231965e-02
1.714837e-01 1.406087e-01 -6.882451e-02
