-2.589880e-01 4.731893e-03 5.846558e-02
-2.003081e-01 2.266543e-03 3.821076e-02
1.982922e-02 1.307712e-02 1.458808e-01
6.156726e-02 3.243109e-03 6.181536e-02
1.564516e-01 1.922279e-03 4.148131e-02
2.272653e-01 2.670583e-03 -7.618871e-04
3.896171e-01 -3.924721e-03 -8.037094e-02
-2.040529e-01 -9.845767e-02 -5.896006e-02
-1.979711e-01 8.300841e-02 -4.979646e-02
-1.835489e-01 -1.789966e-01 -4.107798e-02
-2.040972e-01 -2.415984e-01 -7.780043e-02
-1.882158e-01 1.808427e-01 -4.975613e-02
-2.064380e-01 2.283617e-01 -6.568417e-02
1.503063e-02 -9.728749e-02 -6.283431e-03
4.651054e-02 -5.128709e-02 3.827262e-02
4.870242e-02 5.998658e-02 3.518719e-02
2.350599e-02 1.027395e-01 3.601378e-02
1.832427e-01 -1.268784e-01 -4.590441e-02
1.485374e-01 -3.439845e-02 3.819303e-02
1.464677e-01 3.533731e-02 4.129898e-02
1.768922e-01 1.146410e-01 -5.842345e-02
