-2.903765e-01 -7.940250e-03 4.882189e-02
-2.213492e-01 -3.679632e-03 4.291528e-02
3.002403e-02 -2.442398e-03 1.400988e-01
6.693491e-02 7.752359e-04 6.702816e-02
1.544520e-01 4.041709e-03 4.367998e-02
2.448992e-01 5.601845e-04 4.946794e-03
3.812321e-01 5.100860e-03 -7.325030e-02
-1.898722e-01 -9.077159e-02 -5.371310e-02
-1.972848e-01 8.835919e-02 -5.606742e-02
-1.722503e-01 -1.763192e-01 -3.523312e-02
-2.055286e-01 -2.274093e-01 -6.751660e-02
-1.682566e-01 1.785576e-01 -3.799478e-02
-1.995062e-01 2.373736e-01 -7.923802e-02
1.396572e-02 -8.705351e-02 9.209523e-03
4.257964e-02 -5.029224e-02 3.641819e-02
4.404831e-02 5.065529e-02 3.683909e-02
1.759381e-02 8.694970e-02 3.303735e-02
1.749731e-01 -1.385638e-01 -6.605997e-02
1.579612e-01 -3.464869e-02 3.559502e-02
1.496917e-01 3.590348e-02 3.938327e-02
1.660689e-01 1.308437e-01 -6.889999e-02
