-2.414308e-01 -6.487454e-03 6.768870e-02
-2.122777e-01 -7.464067e-03 7.113830e-02
5.402790e-03 -7.177381e-03 1.476033e-01
5.054634e-02 -3.940844e-03 7.825727e-02
1.336843e-01 1.321931e-03 4.551731e-02
2.390536e-01 -9.674504e-04 -8.761460e-03
4.112271e-01 -4.481408e-03 -1.048131e-01
-1.763513e-01 -9.340151e-02 -5.573622e-02
-1.871390e-01 9.820304e-02 -6.093944e-02
-1.629990e-01 -1.752191e-01 -5.527809e-02
-1.889173e-01 -2.525303e-01 -8.950638e-02
-1.639586e-01 1.878645e-01 -5.415382e-02
-1.914418e-01 2.476367e-01 -9.316750e-02
-6.869702e-04 -9.931764e-02 4.319612e-02
3.755236e-02 -6.371636e-02 3.689855e-02
3.977167e-02 6.460621e-02 4.076742e-02
8.648124e-03 1.072112e-01 3.852092e-02
1.669079e-01 -1.294591e-01 -6.020170e-02
1.329251e-01 -3.530581e-02 3.879343e-02
1.329407e-01 3.156984e-02 4.215426e-02
1.665423e-01 1.410550e-01 -6.797790e-02
