-2.802925e-01 -2.192925e-03 6.465865e-02
-2.222521e-01 -4.327361e-03 4.276406e-02
9.887748e-03 -1.348540e-03 1.445302e-01
6.001979e-02 2.016834e-03 6.246217e-02
1.486989e-01 -1.550035e-03 5.513664e-02
2.401455e-01 -2.639240e-03 5.893898e-03
3.921754e-01 -3.832226e-03 -8.259349e-02
-1.894113e-01 -9.185473e-02 -4.987119e-02
-1.943126e-01 9.883546e-02 -4.610356e-02
-1.699635e-01 -1.748523e-01 -4.120531e-02
-1.800162e-01 -2.269805e-01 -5.213426e-02
-1.824281e-01 1.840511e-01 -4.519975e-02
-1.996629e-01 2.348025e-01 -5.922852e-02
1.499995e-02 -1.018252e-01 -1.396515e-02
4.865206e-02 -6.380848e-02 2.329837e-02
5.295336e-02 6.223389e-02 2.156668e-02
1.362690e-02 1.038431e-01 -1.978927e-02
1.885433e-01 -1.319289e-01 -5.669583e-02
1.334674e-01 -4.594323e-02 4.402593e-02
1.307660e-01 3.527940e-02 5.149701e-02
1.844028e-01 1.320215e-01 -4.904725e-02
