-2.741711e-01 -2.778634e-04 5.827631e-02
-2.220810e-01 -3.687814e-03 4.617637e-02
3.883152e-02 -1.594857e-03 1.569151e-01
8.120157e-02 -6.518962e-04 6.737324e-02
1.486152e-01 -4.652640e-03 5.206200e-02
2.414348e-01 -1.932742e-03 -8.985517e-03
3.948626e-01 3.470970e-03 -9.234712e-02
-1.912864e-01 -9.045242e-02 -5.451456e-02
-2.004114e-01 9.796611e-02 -5.399968e-02
-1.820738e-01 -1.709479e-01 -4.666676e-02
-2.033924e-01 -2.188373e-01 -7.565280e-02
-1.926526e-01 1.738861e-01 -4.730771e-02
-2.153675e-01 2.248953e-01 -7.961713e-02
2.408623e-02 -8.627148e-02 -1.921952e-02
6.921162e-02 -4.233878e-02 5.212225e-02
6.657368e-02 4.602574e-02 5.512384e-02
2.367809e-02 8.993221e-02 -1.756592e-02
1.656661e-01 -1.312024e-01 -4.373352e-02
1.314462e-01 -3.680445e-02 4.846898e-02
1.293268e-01 3.156052e-02 5.239789e-02
1.665017e-01 1.219155e-01 -4.930569e-02
