-3.229272e-01 -1.336724e-03 6.543560e-02
-2.487958e-01 -1.946756e-03 5.158278e-02
2.925958e-02 2.956156e-03 1.227878e-01
7.125543e-02 -7.441869e-04 5.762633e-02
1.384976e-01 -8.610220e-04 4.001711e-02
2.331832e-01 5.405129e-03 3.349093e-03
4.041049e-01 6.917641e-03 -5.168366e-02
-1.898660e-01 -8.590947e-02 -3.931158e-02
-1.922841e-01 9.164191e-02 -4.039090e-02
-1.635959e-01 -1.800976e-01 -2.387380e-02
-1.921359e-01 -2.420530e-01 -6.540610e-02
-1.696937e-01 1.745186e-01 -2.533438e-02
-1.899669e-01 2.439367e-01 -6.687716e-02
2.008500e-02 -8.575602e-02 -1.574884e-02
5.878102e-02 -4.479447e-02 1.447040e-02
5.560809e-02 4.543397e-02 2.317300e-02
2.034051e-02 8.739532e-02 -1.400131e-02
1.763425e-01 -1.079578e-01 -4.760230e-02
1.379987e-01 -4.022151e-02 3.034985e-02
1.427448e-01 3.158495e-02 3.407383e-02
1.810641e-01 1.018881e-01 -5.263573e-02
