-2.474049e-01 -4.050046e-03 6.542686e-02
-1.812948e-01 -6.388227e-04 6.134291e-02
5.104704e-03 4.386246e-03 1.270246e-01
5.982721e-02 4.155804e-03 4.536092e-02
1.248958e-01 -1.952960e-04 3.943738e-02
2.380556e-01 -2.330987e-03 5.305062e-03
3.942016e-01 -3.338419e-03 -5.621273e-02
-1.855537e-01 -1.147690e-01 -4.655332e-02
-1.932297e-01 1.161216e-01 -5.712456e-02
-1.740910e-01 -2.015001e-01 -4.008740e-02
-2.014483e-01 -2.668563e-01 -6.808039e-02
-1.769814e-01 1.965487e-01 -3.664328e-02
-2.060132e-01 2.625296e-01 -6.052898e-02
2.040266e-02 -9.291775e-02 6.750145e-04
4.569184e-02 -5.208130e-02 2.258055e-02
4.632604e-02 5.276138e-02 2.455000e-02
2.065973e-02 1.037157e-01 9.080735e-03
1.757091e-01 -1.297117e-01 -4.859950e-02
1.249712e-01 -2.919779e-02 3.292530e-02
1.257865e-01 3.380243e-02 3.538383e-02
1.843850e-01 1.235660e-01 -5.526298e-02
