-2.606063e-01 -2.782031e-03 5.617055e-02
-2.088986e-01 -4.936496e-03 5.068054e-02
7.451623e-03 -2.350238e-03 1.291059e-01
5.850577e-02 -2.100431e-03 5.241054e-02
1.428826e-01 3.857565e-03 4.772293e-02
2.426856e-01 5.623742e-03 3.657907e-03
3.815756e-01 2.126891e-03 -8.679956e-02
-1.957431e-01 -9.550741e-02 -5.496100e-02
-1.921301e-01 9.534160e-02 -4.349831e-02
-1.852298e-01 -1.813116e-01 -3.948349e-02
-2.155883e-01 -2.393571e-01 -7.685334e-02
-1.802236e-01 1.829172e-01 -3.857942e-02
-2.115278e-01 2.415662e-01 -7.901201e-02
2.017188e-02 -8.663567e-02 2.615911e-02
5.046380e-02 -5.289860e-02 2.588114e-02
5.440150e-02 4.088356e-02 2.761007e-02
2.944769e-02 8.495314e-02 1.152428e-02
1.955007e-01 -1.157550e-01 -4.455821e-02
1.406912e-01 -2.429503e-02 4.159829e-02
1.364511e-01 3.194524e-02 4.189491e-02
1.897186e-01 1.187145e-01 -5.067085e-02
