-2.764277e-01 3.623611e-04 5.958088e-02
-2.051572e-01 -2.720154e-03 4.453751e-02
6.401813e-03 9.840200e-04 1.268807e-01
6.096700e-02 -1.285131e-03 5.080252e-02
1.350086e-01 2.622772e-04 3.453870e-02
2.282816e-01 -2.078942e-03 -4.579794e-03
3.807785e-01 -6.134213e-03 -6.613974e-02
-1.749535e-01 -1.182647e-01 -5.182017e-02
-1.749164e-01 1.114315e-01 -3.931937e-02
-1.702964e-01 -2.038716e-01 -3.650865e-02
-1.980965e-01 -2.637982e-01 -7.007768e-02
-1.704021e-01 2.057590e-01 -3.446363e-02
-1.989910e-01 2.556239e-01 -7.260804e-02
2.209775e-02 -9.416961e-02 1.957068e-02
4.875968e-02 -5.278846e-02 3.452338e-02
4.848515e-02 6.307358e-02 3.537272e-02
2.745933e-02 9.537007e-02 1.417383e-02
1.735131e-01 -1.309228e-01 -5.593851e-02
1.322917e-01 -3.205388e-02 3.032453e-02
1.301899e-01 3.622502e-02 3.359614e-02
1.750066e-01 1.389961e-01 -5.244599e-02
