-2.875685e-01 -7.949059e-03 5.143433e-02
-1.958534e-01 -6.618984e-03 3.983165e-02
-1.308011e-02 2.408550e-03 1.185789e-01
4.408323e-02 9.459319e-04 5.814870e-02
1.461724e-01 9.271608e-03 5.519206e-02
2.429655e-01 -1.210181e-02 -2.878152e-03
4.165898e-01 -6.388365e-03 -1.024328e-01
-1.826924e-01 -1.119600e-01 -5.762496e-02
-1.604837e-01 9.819734e-02 -2.723949e-02
-1.570900e-01 -1.829260e-01 -2.752181e-02
-1.934376e-01 -2.602709e-01 -4.929013e-02
-1.515185e-01 1.975004e-01 -2.511340e-02
-1.932688e-01 2.482686e-01 -6.417000e-02
-6.939278e-03 -1.128773e-01 -1.293764e-02
3.611211e-02 -6.400931e-02 1.876744e-02
2.939726e-02 6.133722e-02 2.463897e-02
-3.396374e-04 1.075933e-01 3.649766e-03
1.842200e-01 -1.061037e-01 -4.278892e-02
1.185123e-01 -3.509168e-02 4.687291e-02
1.237145e-01 5.765657e-02 3.967895e-02
2.005049e-01 1.231175e-01 -4.479634e-02
