-2.797041e-01 -9.247273e-03 8.200626e-02
-1.927125e-01 -1.562402e-03 4.675995e-02
-2.894622e-02 8.167569e-04 1.222086e-01
4.166811e-02 1.269663e-04 4.539084e-02
1.316200e-01 8.960442e-04 4.255032e-02
2.134328e-01 6.817385e-03 7.200710e-03
4.188711e-01 8.435630e-03 -6.315739e-02
-1.731166e-01 -1.105563e-01 -4.941459e-02
-1.693085e-01 1.121616e-01 -3.907200e-02
-1.615098e-01 -2.078720e-01 -3.493558e-02
-1.858342e-01 -2.537385e-01 -3.813447e-02
-1.536182e-01 2.089767e-01 -4.068635e-02
-1.794236e-01 2.639428e-01 -5.167906e-02
7.689318e-03 -1.057321e-01 -1.691043e-02
4.380397e-02 -5.985047e-02 1.713082e-02
3.569725e-02 4.852294e-02 2.825099e-02
6.748841e-03 1.101720e-01 -1.244703e-02
1.919840e-01 -1.444308e-01 -5.762222e-02
1.307535e-01 -5.117118e-02 3.191100e-02
1.249163e-01 4.683609e-02 3.597595e-02
1.769885e-01 1.364560e-01 -5.532631e-02
