-2.723646e-01 -4.104861e-03 8.042114e-02
-1.594562e-01 -4.471819e-04 3.486429e-02
-1.993922e-02 1.579572e-03 1.067129e-01
3.623702e-02 1.489259e-03 4.836235e-02
1.409746e-01 -2.451487e-03 6.940332e-02
2.149031e-01 5.111449e-03 1.305561e-02
3.950673e-01 8.829740e-03 -1.299994e-01
-1.822657e-01 -1.049776e-01 -4.651643e-02
-1.883159e-01 1.131271e-01 -4.992274e-02
-1.642463e-01 -1.890438e-01 -3.678768e-02
-1.948942e-01 -2.577010e-01 -7.022176e-02
-1.634282e-01 1.981216e-01 -4.131061e-02
-1.944604e-01 2.573397e-01 -7.395763e-02
8.411852e-03 -1.168635e-01 -9.876741e-03
4.889062e-02 -5.750800e-02 2.694862e-02
4.179328e-02 3.971335e-02 2.897136e-02
4.806138e-03 1.179106e-01 -1.540996e-03
1.858609e-01 -1.342027e-01 -3.477764e-02
1.408269e-01 -4.032984e-02 6.196203e-02
1.376928e-01 3.408248e-02 6.466402e-02
1.839061e-01 1.303252e-01 -4.045397e-02
