-2.950765e-01 -2.117929e-03 5.024275e-02
-2.099717e-01 -3.562104e-03 3.053800e-02
-2.336260e-02 3.290225e-03 1.213779e-01
4.331695e-02 1.646978e-03 6.179811e-02
1.465946e-01 1.074017e-03 4.551306e-02
2.400252e-01 1.267759e-03 5.936840e-03
4.031720e-01 -5.116389e-03 -1.178710e-01
-1.698939e-01 -1.012398e-01 -3.184727e-02
-1.808293e-01 9.834603e-02 -3.159012e-02
-1.532290e-01 -1.784939e-01 -2.021703e-02
-1.840496e-01 -2.644202e-01 -8.171135e-02
-1.590551e-01 1.922639e-01 -2.286734e-02
-1.913193e-01 2.589585e-01 -7.650616e-02
6.207340e-03 -9.076507e-02 2.878842e-03
3.879225e-02 -5.129225e-02 2.992721e-02
3.766569e-02 5.804784e-02 3.369073e-02
6.330497e-03 9.479929e-02 2.223326e-03
1.845948e-01 -1.224044e-01 -4.257513e-02
1.405627e-01 -3.243312e-02 3.857576e-02
1.392749e-01 3.163482e-02 4.318717e-02
1.802501e-01 1.105157e-01 -4.070429e-02
