-2.803746e-01 -3.889788e-03 5.236451e-02
-2.062700e-01 -2.364858e-03 3.236923e-02
-7.657344e-03 6.557607e-04 1.095903e-01
4.998909e-02 -6.191966e-04 5.340664e-02
1.409510e-01 1.099672e-03 5.408600e-02
2.293474e-01 2.086163e-03 9.978521e-03
4.058081e-01 5.660008e-03 -9.668979e-02
-1.808634e-01 -1.043627e-01 -3.688298e-02
-1.832995e-01 1.039158e-01 -3.177551e-02
-1.688992e-01 -1.841896e-01 -3.561385e-02
-1.963975e-01 -2.309695e-01 -6.043535e-02
-1.720853e-01 1.823706e-01 -2.859466e-02
-1.964133e-01 2.453052e-01 -7.128987e-02
1.363011e-02 -1.062218e-01 5.410269e-03
4.948477e-02 -6.411963e-02 2.843148e-02
4.516058e-02 5.405503e-02 2.910823e-02
1.831463e-02 1.072339e-01 1.237421e-03
1.917027e-01 -1.420695e-01 -5.614325e-02
1.325895e-01 -3.169687e-02 4.988219e-02
1.292834e-01 3.235725e-02 5.044075e-02
1.859991e-01 1.357640e-01 -5.888025e-02
