-2.850058e-01 -2.384811e-03 5.631891e-02
-2.195280e-01 -3.152050e-03 5.175362e-02
2.420657e-03 9.652794e-04 1.283866e-01
5.550747e-02 4.981857e-04 5.689157e-02
1.423100e-01 8.235376e-04 5.198402e-02
2.384651e-01 6.283318e-03 -3.077203e-03
3.895517e-01 4.292571e-03 -1.067066e-01
-1.812308e-01 -1.189298e-01 -4.472992e-02
-1.823802e-01 1.144986e-01 -4.712963e-02
-1.697423e-01 -1.914936e-01 -3.860761e-02
-1.938091e-01 -2.490100e-01 -7.695714e-02
-1.656487e-01 1.887915e-01 -3.709353e-02
-1.858431e-01 2.423761e-01 -7.068229e-02
1.209679e-02 -8.741723e-02 1.600904e-02
4.437835e-02 -5.013700e-02 3.067094e-02
4.949683e-02 5.688707e-02 3.247110e-02
1.433778e-02 1.009930e-01 -5.522680e-03
1.849385e-01 -1.153113e-01 -4.837943e-02
1.320465e-01 -3.811482e-02 4.407688e-02
1.328589e-01 3.336357e-02 5.067049e-02
1.847795e-01 1.061780e-01 -4.034719e-02
