-2.935094e-01 -3.607581e-03 5.777377e-02
-2.065505e-01 -2.666640e-03 4.306613e-02
-2.425832e-03 5.528056e-03 1.347508e-01
6.343563e-02 2.226472e-03 4.455111e-02
1.347462e-01 -1.791302e-03 4.081530e-02
2.238044e-01 5.975749e-04 -5.897745e-04
3.986046e-01 -5.139994e-04 -8.989287e-02
-1.896984e-01 -1.036081e-01 -4.252409e-02
-1.891340e-01 1.036916e-01 -4.538012e-02
-1.701800e-01 -1.911097e-01 -3.574599e-02
-1.966022e-01 -2.502019e-01 -7.945894e-02
-1.653312e-01 1.772887e-01 -3.404167e-02
-1.929856e-01 2.472363e-01 -7.600003e-02
1.500506e-02 -9.167972e-02 3.069849e-02
5.387406e-02 -4.390476e-02 2.441356e-02
5.533672e-02 5.089135e-02 2.557172e-02
2.147901e-02 9.669785e-02 3.329674e-02
1.839011e-01 -1.142568e-01 -5.163742e-02
1.351703e-01 -3.019065e-02 3.529749e-02
1.322073e-01 3.612308e-02 3.510166e-02
1.888526e-01 1.132501e-01 -5.006584e-02
