-2.683698e-01 -2.390710e-04 6.119445e-02
-2.061568e-01 -5.268218e-03 5.161986e-02
-6.730231e-03 5.329513e-03 1.263287e-01
5.530714e-02 4.059365e-03 5.493755e-02
1.356178e-01 -1.666713e-03 3.544210e-02
2.196646e-01 2.278560e-03 1.151000e-02
3.957710e-01 4.083998e-03 -8.957481e-02
-1.861418e-01 -1.186684e-01 -4.518334e-02
-1.855007e-01 1.161116e-01 -4.234670e-02
-1.642735e-01 -1.993352e-01 -3.336907e-02
-1.923822e-01 -2.637149e-01 -7.293800e-02
-1.618838e-01 2.005960e-01 -3.641497e-02
-1.867992e-01 2.604503e-01 -8.487098e-02
1.649394e-02 -9.263568e-02 -5.710039e-03
4.554892e-02 -4.492686e-02 3.011037e-02
4.737493e-02 4.446461e-02 3.308209e-02
1.266481e-02 9.517311e-02 4.358319e-02
1.811386e-01 -1.229944e-01 -4.564954e-02
1.351789e-01 -2.712796e-02 3.262394e-02
1.373784e-01 2.360242e-02 3.288250e-02
1.760991e-01 1.204279e-01 -5.725734e-02
