-3.111794e-01 1.675978e-03 7.708374e-02
-1.941053e-01 2.360018e-03 2.989749e-02
-1.830057e-02 7.599264e-04 1.164027e-01
4.950699e-02 -3.253789e-04 5.225273e-02
1.483112e-01 1.695064e-03 5.066608e-02
2.194716e-01 1.003881e-03 1.662901e-03
3.580351e-01 6.476375e-04 -9.570118e-02
-1.743595e-01 -1.108629e-01 -4.107771e-02
-1.724928e-01 1.071894e-01 -3.451010e-02
-1.527921e-01 -1.934137e-01 -5.193666e-02
-1.854968e-01 -2.654182e-01 -7.714121e-02
-1.556869e-01 1.947088e-01 -5.507380e-02
-1.873968e-01 2.604948e-01 -7.818560e-02
1.467317e-02 -1.131755e-01 2.066209e-02
5.110516e-02 -6.670146e-02 2.770941e-02
5.276508e-02 6.526066e-02 2.890292e-02
9.683846e-03 1.112473e-01 2.856540e-02
1.841829e-01 -1.358689e-01 -4.947598e-02
1.363712e-01 -3.393237e-02 4.690597e-02
1.429842e-01 3.910067e-02 4.941949e-02
1.847194e-01 1.335542e-01 -4.702874e-02
