-2.678272e-01 -2.468394e-04 7.281220e-02
-1.992020e-01 -5.825845e-03 5.149962e-02
-4.839787e-03 4.344049e-03 1.293239e-01
6.047976e-02 -8.221669e-07 6.087049e-02
1.417612e-01 2.116151e-03 3.093581e-02
2.102853e-01 3.305536e-03 3.884575e-03
3.917868e-01 1.394834e-03 -7.802644e-02
-1.796307e-01 -1.140493e-01 -5.853620e-02
-1.821973e-01 1.142310e-01 -4.920094e-02
-1.644530e-01 -1.935723e-01 -4.101138e-02
-1.948377e-01 -2.707594e-01 -8.167349e-02
-1.689899e-01 2.040962e-01 -3.854529e-02
-1.914786e-01 2.641062e-01 -7.585595e-02
1.805592e-02 -9.224650e-02 4.251705e-02
4.673175e-02 -5.034403e-02 3.919342e-02
4.913765e-02 3.771337e-02 4.562037e-02
1.062675e-02 1.013282e-01 -3.216491e-04
1.724837e-01 -1.231518e-01 -6.036750e-02
1.416680e-01 -3.293421e-02 2.999718e-02
1.387981e-01 3.094314e-02 2.932287e-02
1.716411e-01 1.195523e-01 -5.243863e-02
