-2.727785e-01 -2.635022e-04 6.470832e-02
-2.066946e-01 -1.165751e-03 4.776620e-02
-9.464510e-03 -1.442993e-03 1.262838e-01
4.188470e-02 -2.738709e-03 6.309283e-02
1.354853e-01 4.149576e-03 5.273360e-02
2.459740e-01 -4.853338e-03 7.103343e-03
4.112820e-01 7.254583e-04 -1.308024e-01
-1.815590e-01 -9.996901e-02 -5.348176e-02
-1.831630e-01 9.965944e-02 -4.864924e-02
-1.628825e-01 -1.839278e-01 -4.091730e-02
-1.900821e-01 -2.384087e-01 -7.964813e-02
-1.684913e-01 1.790442e-01 -3.996954e-02
-1.942938e-01 2.412572e-01 -7.913177e-02
7.278546e-03 -9.856176e-02 1.440847e-02
4.385044e-02 -5.501415e-02 2.864517e-02
4.715195e-02 4.839036e-02 3.766412e-02
1.152360e-02 1.049128e-01 1.952404e-02
1.757815e-01 -1.264992e-01 -3.537518e-02
1.329450e-01 -2.329204e-02 4.797947e-02
1.340235e-01 3.180806e-02 4.902845e-02
1.822287e-01 1.261899e-01 -5.096251e-02
