-2.912761e-01 4.203317e-05 8.184844e-02
-1.955044e-01 -5.490259e-03 3.266989e-02
-3.524571e-03 -4.065018e-03 1.003662e-01
4.923859e-02 -2.954753e-04 5.585173e-02
1.343980e-01 1.967601e-03 4.817399e-02
2.162309e-01 8.811857e-03 1.046009e-02
4.069018e-01 -5.780682e-03 -9.428006e-02
-1.780383e-01 -1.088740e-01 -4.766748e-02
-1.827567e-01 1.126020e-01 -4.923190e-02
-1.507794e-01 -2.015088e-01 -3.221131e-02
-1.759790e-01 -2.618646e-01 -7.258186e-02
-1.492995e-01 1.957078e-01 -2.749886e-02
-1.835102e-01 2.673100e-01 -6.809585e-02
8.789668e-03 -1.043937e-01 1.116228e-02
4.221004e-02 -6.456881e-02 2.500745e-02
4.040785e-02 6.574166e-02 2.705003e-02
5.178633e-03 1.036053e-01 2.204250e-02
1.659167e-01 -1.401508e-01 -4.239464e-02
1.350883e-01 -3.773453e-02 4.383514e-02
1.313411e-01 4.031323e-02 4.528885e-02
1.749667e-01 1.386250e-01 -6.979466e-02
