-2.913120e-01 -1.599551e-03 5.675947e-02
-2.147093e-01 2.491715e-03 4.745618e-02
-1.187354e-02 4.057225e-03 1.244390e-01
3.981890e-02 -8.085612e-04 6.246752e-02
1.574333e-01 7.965143e-03 3.504383e-02
2.464517e-01 1.355772e-03 1.926845e-03
3.866371e-01 -5.600452e-03 -9.735513e-02
-1.839536e-01 -1.127055e-01 -4.774651e-02
-1.818122e-01 1.063057e-01 -4.925510e-02
-1.578823e-01 -1.964189e-01 -3.686475e-02
-1.802692e-01 -2.586928e-01 -7.236609e-02
-1.597349e-01 1.867255e-01 -3.703935e-02
-1.814802e-01 2.579107e-01 -6.453154e-02
2.796367e-03 -8.969901e-02 1.105773e-02
3.046229e-02 -4.686239e-02 3.382424e-02
3.057860e-02 4.545651e-02 3.994640e-02
1.177731e-02 9.225486e-02 2.491407e-02
1.781313e-01 -1.196360e-01 -4.378808e-02
1.494261e-01 -3.180897e-02 3.052258e-02
1.505868e-01 4.801745e-02 2.909655e-02
1.789272e-01 1.112916e-01 -4.850788e-02
