-2.789790e-01 3.763268e-03 6.373796e-02
-2.132578e-01 1.449227e-03 5.951320e-02
8.374647e-03 1.107706e-02 1.461884e-01
6.045345e-02 4.513846e-04 5.348869e-02
1.294306e-01 -3.767098e-03 4.970466e-02
2.436709e-01 2.945018e-03 -9.881080e-03
4.058790e-01 1.506071e-03 -8.235969e-02
-1.904297e-01 -1.088374e-01 -3.869413e-02
-1.884745e-01 1.000908e-01 -5.381998e-02
-1.757142e-01 -1.745448e-01 -3.811813e-02
-1.949936e-01 -2.367599e-01 -7.870604e-02
-1.737666e-01 1.673950e-01 -4.490312e-02
-1.954931e-01 2.280920e-01 -7.542093e-02
9.994638e-03 -9.193103e-02 -1.911158e-02
4.846377e-02 -4.608078e-02 2.852228e-02
5.230815e-02 5.859863e-02 2.739777e-02
1.593982e-02 1.028954e-01 3.589136e-02
1.915586e-01 -1.276162e-01 -5.183227e-02
1.334327e-01 -4.216318e-02 3.832233e-02
1.289500e-01 3.445549e-02 4.503134e-02
1.826524e-01 1.189812e-01 -5.495105e-02
