-2.833708e-01 -1.218802e-03 5.876882e-02
-2.306477e-01 -7.690249e-03 4.245010e-02
2.210864e-02 3.635150e-03 1.336086e-01
7.193261e-02 4.787576e-03 5.949617e-02
1.353870e-01 1.583316e-03 3.972030e-02
2.398366e-01 -8.020571e-04 -6.040132e-03
4.094613e-01 -1.183887e-02 -6.067195e-02
-1.980771e-01 -1.013015e-01 -5.427951e-02
-1.928055e-01 9.610046e-02 -4.720200e-02
-1.832060e-01 -1.760609e-01 -4.530725e-02
-2.035062e-01 -2.296825e-01 -7.820322e-02
-1.811944e-01 1.716634e-01 -3.909391e-02
-2.031732e-01 2.241719e-01 -6.807968e-02
2.869689e-02 -8.021025e-02 4.742408e-02
6.039416e-02 -4.091054e-02 3.937177e-02
6.073449e-02 5.444447e-02 3.211697e-02
3.016243e-02 8.844869e-02 2.472434e-02
1.813568e-01 -1.099282e-01 -7.562603e-02
1.372858e-01 -3.307634e-02 3.320482e-02
1.271202e-01 3.636948e-02 3.691995e-02
1.715040e-01 1.115158e-01 -7.330228e-02
