-2.863182e-01 -6.150283e-03 5.860379e-02
-2.157504e-01 -7.967110e-03 4.947275e-02
1.572303e-02 2.494731e-03 1.456434e-01
6.669636e-02 2.214875e-03 7.537900e-02
1.458656e-01 7.303036e-03 4.321183e-02
2.353089e-01 -3.702687e-03 -3.109294e-03
3.929379e-01 1.182984e-03 -9.569941e-02
-1.966552e-01 -1.126457e-01 -5.243235e-02
-1.833645e-01 1.125104e-01 -5.398574e-02
-1.830998e-01 -1.756370e-01 -5.129877e-02
-1.907388e-01 -2.345331e-01 -6.267485e-02
-1.742377e-01 1.827898e-01 -5.841189e-02
-1.888821e-01 2.243697e-01 -7.083586e-02
1.586103e-02 -1.001010e-01 -1.034430e-02
4.853560e-02 -4.872007e-02 3.347241e-02
5.007244e-02 5.317571e-02 4.103335e-02
2.456579e-02 9.423178e-02 3.210412e-02
1.725125e-01 -1.259296e-01 -5.205362e-02
1.407607e-01 -3.334314e-02 4.416784e-02
1.409023e-01 4.240300e-02 4.121764e-02
1.693044e-01 1.260537e-01 -5.346008e-02
