-2.959081e-01 1.110228e-04 4.191961e-02
-2.221621e-01 -9.513467e-04 3.729141e-02
1.412820e-02 1.026286e-02 1.366593e-01
6.075199e-02 3.349769e-04 6.289592e-02
1.400838e-01 3.703880e-03 3.364550e-02
2.323109e-01 2.473770e-03 -9.573109e-04
4.165351e-01 2.806645e-03 -7.226423e-02
-1.867681e-01 -1.111128e-01 -5.252463e-02
-1.753119e-01 9.973962e-02 -4.204515e-02
-1.665610e-01 -1.950067e-01 -2.429572e-02
-1.987470e-01 -2.569692e-01 -6.473784e-02
-1.596313e-01 1.823559e-01 -2.440285e-02
-1.863440e-01 2.419488e-01 -6.209885e-02
7.947651e-03 -8.264082e-02 2.213023e-02
4.592398e-02 -4.700128e-02 1.781634e-02
5.216660e-02 4.559140e-02 2.914367e-02
2.238767e-02 9.715837e-02 3.060313e-02
1.724686e-01 -1.230807e-01 -6.067429e-02
1.249222e-01 -2.803421e-02 2.559250e-02
1.231099e-01 3.708502e-02 2.549209e-02
1.786968e-01 1.212248e-01 -5.918883e-02
