-3.079391e-01 -5.654887e-04 5.505569e-02
-2.213087e-01 -3.149344e-04 3.714798e-02
9.128968e-03 -1.212367e-03 1.192556e-01
6.175325e-02 -1.016638e-03 4.270890e-02
1.592049e-01 -5.336100e-03 4.028937e-02
2.274124e-01 7.172813e-03 1.765353e-02
3.991451e-01 3.334233e-05 -7.219765e-02
-1.794983e-01 -8.851250e-02 -3.287911e-02
-1.892506e-01 8.822384e-02 -4.165249e-02
-1.775752e-01 -1.767335e-01 -2.697694e-02
-1.930092e-01 -2.310110e-01 -5.525420e-02
-1.832277e-01 1.779894e-01 -3.244783e-02
-1.959214e-01 2.383536e-01 -5.942050e-02
1.402855e-02 -1.001868e-01 -1.809738e-02
4.182460e-02 -4.602913e-02 2.153025e-02
4.308191e-02 5.005790e-02 1.235863e-02
2.272167e-02 9.644908e-02 1.118284e-02
1.936208e-01 -1.306022e-01 -4.604879e-02
1.469657e-01 -3.791401e-02 3.894634e-02
1.467519e-01 3.176903e-02 3.829614e-02
1.820905e-01 1.293856e-01 -4.945045e-02
