-2.965997e-01 -7.969675e-03 6.729788e-02
-2.260962e-01 -5.229088e-03 5.068610e-02
2.125263e-02 -4.597939e-03 1.335645e-01
6.842937e-02 -2.444896e-03 4.749444e-02
1.377312e-01 -2.199861e-03 2.938702e-02
1.980981e-01 5.566501e-04 8.522463e-03
4.216889e-01 3.475238e-03 -6.796484e-02
-1.819215e-01 -9.031376e-02 -4.088006e-02
-1.857444e-01 9.725748e-02 -4.390558e-02
-1.613465e-01 -1.901117e-01 -3.726041e-02
-1.977025e-01 -2.561274e-01 -7.280373e-02
-1.587969e-01 1.859713e-01 -3.946290e-02
-1.880394e-01 2.522126e-01 -7.731646e-02
1.818439e-02 -8.559286e-02 1.569142e-02
5.228713e-02 -4.202619e-02 3.123019e-02
5.612285e-02 5.064837e-02 2.765419e-02
2.734308e-02 9.006426e-02 2.848291e-02
1.674511e-01 -1.299427e-01 -5.394963e-02
1.291559e-01 -3.053671e-02 2.715713e-02
1.283491e-01 2.972068e-02 3.105290e-02
1.701535e-01 1.371861e-01 -6.467753e-02
