-2.846322e-01 -2.189384e-03 7.665737e-02
-1.823398e-01 1.634639e-02 2.541768e-02
-2.057890e-02 1.388218e-02 9.578772e-02
4.723137e-02 1.167603e-03 3.878877e-02
1.511123e-01 -2.241482e-03 5.426128e-02
2.260884e-01 1.014717e-03 1.226146e-02
3.565216e-01 2.011469e-03 -8.095624e-02
-1.745446e-01 -1.098849e-01 -3.758886e-02
-1.810522e-01 1.037454e-01 -3.410705e-02
-1.604084e-01 -1.939504e-01 -3.573021e-02
-1.980960e-01 -2.668030e-01 -7.300434e-02
-1.647397e-01 1.972485e-01 -3.890169e-02
-1.988050e-01 2.584029e-01 -7.997863e-02
1.216761e-02 -1.226511e-01 4.450794e-03
5.622450e-02 -6.832076e-02 1.691744e-02
5.228658e-02 5.829675e-02 2.179491e-02
9.980102e-03 1.180503e-01 1.771340e-02
1.920032e-01 -1.482441e-01 -5.519571e-02
1.388197e-01 -3.821343e-02 5.402961e-02
1.393253e-01 3.632753e-02 5.246445e-02
1.834361e-01 1.460048e-01 -3.508216e-02
