-2.915781e-01 1.954888e-04 6.120996e-02
-2.376749e-01 -3.490725e-03 5.269127e-02
1.740074e-02 -2.304217e-03 1.418047e-01
7.514503e-02 -2.080010e-03 5.258609e-02
1.479190e-01 -8.609723e-05 4.547818e-02
2.331952e-01 1.478959e-03 4.500334e-03
3.852055e-01 1.161874e-02 -8.584470e-02
-1.825694e-01 -9.188883e-02 -4.714411e-02
-1.823462e-01 9.855975e-02 -4.283212e-02
-1.575611e-01 -1.819498e-01 -3.501924e-02
-1.980010e-01 -2.447237e-01 -7.209953e-02
-1.613364e-01 1.803423e-01 -3.225728e-02
-1.943681e-01 2.506158e-01 -8.265468e-02
1.014150e-02 -9.493922e-02 -1.705091e-03
4.473410e-02 -6.549717e-02 2.753229e-02
4.927824e-02 5.455623e-02 2.948206e-02
1.414735e-02 9.563817e-02 -6.265953e-03
1.796657e-01 -1.268863e-01 -4.633991e-02
1.381162e-01 -3.857262e-02 4.308236e-02
1.388562e-01 3.406340e-02 4.377726e-02
1.716304e-01 1.253499e-01 -4.998192e-02
