-2.946408e-01 -4.333403e-03 5.329772e-02
-2.259457e-01 -3.044274e-03 5.073081e-02
1.621532e-02 -1.399807e-03 1.410329e-01
6.080116e-02 2.678507e-03 5.898397e-02
1.445939e-01 2.228250e-04 3.963702e-02
2.238090e-01 -4.161099e-04 6.063812e-03
3.988302e-01 7.591600e-03 -7.769460e-02
-1.804674e-01 -1.076833e-01 -5.062867e-02
-1.774662e-01 1.053538e-01 -4.420465e-02
-1.695047e-01 -1.911454e-01 -4.084452e-02
-1.944759e-01 -2.438611e-01 -6.868017e-02
-1.655184e-01 1.929567e-01 -3.229685e-02
-1.908254e-01 2.405124e-01 -6.289372e-02
1.265984e-02 -9.030121e-02 2.949139e-02
5.051324e-02 -5.534275e-02 2.456973e-02
5.279970e-02 5.512205e-02 2.697031e-02
2.147834e-02 9.922117e-02 -1.823814e-02
1.710686e-01 -1.266171e-01 -5.472201e-02
1.372872e-01 -3.644672e-02 3.810121e-02
1.399833e-01 2.933940e-02 3.874310e-02
1.688047e-01 1.275928e-01 -5.741863e-02
