-2.763551e-01 2.455829e-03 5.594016e-02
-2.240791e-01 -3.390039e-03 4.017404e-02
3.382194e-03 2.823128e-03 1.363898e-01
6.181607e-02 2.591657e-03 5.196748e-02
1.434691e-01 -2.807609e-03 3.580562e-02
2.289524e-01 7.081746e-03 3.292364e-04
3.938516e-01 3.364546e-03 -8.312326e-02
-1.812570e-01 -9.430938e-02 -4.867062e-02
-1.913113e-01 1.038469e-01 -5.679858e-02
-1.678287e-01 -1.803644e-01 -2.735897e-02
-1.873104e-01 -2.566324e-01 -7.468198e-02
-1.709740e-01 1.858626e-01 -3.551213e-02
-1.986871e-01 2.499901e-01 -7.330948e-02
2.407188e-02 -9.427075e-02 3.184807e-02
5.061695e-02 -6.141767e-02 2.577880e-02
5.026644e-02 5.773929e-02 2.838624e-02
2.342036e-02 1.020788e-01 3.613270e-02
1.740824e-01 -1.352897e-01 -6.079817e-02
1.381856e-01 -4.047543e-02 2.977554e-02
1.320366e-01 3.262566e-02 3.553727e-02
1.736510e-01 1.184971e-01 -4.781181e-02
