-2.514319e-01 -2.179825e-03 5.634950e-02
-1.972052e-01 -5.028720e-03 5.158911e-02
2.367225e-02 2.842952e-03 1.386270e-01
5.861177e-02 -3.779037e-04 6.879957e-02
1.511132e-01 -8.554070e-04 5.207221e-02
2.295211e-01 5.599531e-04 1.734258e-03
3.853873e-01 -5.584635e-03 -8.112527e-02
-1.839688e-01 -1.063913e-01 -5.151672e-02
-1.981569e-01 1.025390e-01 -4.805137e-02
-1.789868e-01 -1.810706e-01 -4.695247e-02
-2.063795e-01 -2.400544e-01 -6.686939e-02
-1.864339e-01 1.907194e-01 -4.940422e-02
-2.112121e-01 2.433326e-01 -7.256256e-02
1.601388e-02 -1.045078e-01 -5.987457e-03
5.258228e-02 -5.322526e-02 2.950004e-02
5.003807e-02 5.721547e-02 3.242141e-02
1.368339e-02 1.088667e-01 -1.729656e-03
1.811860e-01 -1.305594e-01 -5.897578e-02
1.374667e-01 -3.065010e-02 4.860393e-02
1.388909e-01 3.404777e-02 4.803318e-02
1.756080e-01 1.203616e-01 -4.455535e-02
