-2.664462e-01 -2.805761e-03 7.551606e-02
-2.104243e-01 -2.916374e-03 5.598189e-02
-2.918331e-03 -3.163360e-03 1.355141e-01
5.236164e-02 -7.267712e-03 6.533773e-02
1.489756e-01 2.797040e-03 4.389202e-02
2.250251e-01 3.141393e-03 4.787722e-03
3.972042e-01 -3.676753e-03 -7.234959e-02
-1.916524e-01 -1.056473e-01 -4.662170e-02
-1.873122e-01 1.020083e-01 -3.899673e-02
-1.723693e-01 -1.829196e-01 -3.527721e-02
-2.000179e-01 -2.418394e-01 -7.780531e-02
-1.740913e-01 1.841718e-01 -3.569063e-02
-1.999994e-01 2.448871e-01 -8.104554e-02
1.437083e-02 -8.983054e-02 -1.221053e-02
4.527152e-02 -5.235158e-02 2.716308e-02
3.972637e-02 5.283040e-02 3.004444e-02
1.348566e-02 9.201829e-02 -1.394874e-02
1.867625e-01 -1.149275e-01 -5.045093e-02
1.460574e-01 -2.932043e-02 4.044054e-02
1.470233e-01 3.894936e-02 3.696626e-02
1.889673e-01 1.158627e-01 -5.124690e-02
