-2.778757e-01 -4.810430e-03 6.376447e-02
-2.181447e-01 -3.863845e-03 5.140464e-02
1.422047e-02 -5.048370e-03 1.434047e-01
6.955918e-02 -6.881499e-04 6.837897e-02
1.450719e-01 -1.317722e-03 3.217986e-02
2.175130e-01 2.376644e-03 2.850953e-03
3.938030e-01 2.747693e-03 -8.133379e-02
-1.871218e-01 -1.023522e-01 -5.773507e-02
-1.825377e-01 1.050827e-01 -4.645745e-02
-1.705457e-01 -1.841335e-01 -4.265260e-02
-1.935066e-01 -2.437039e-01 -8.628812e-02
-1.752495e-01 1.900816e-01 -3.877796e-02
-1.940071e-01 2.451672e-01 -8.099849e-02
1.544929e-02 -8.618806e-02 5.146772e-02
5.182550e-02 -4.692643e-02 4.008832e-02
5.175082e-02 4.844086e-02 4.081101e-02
2.034451e-02 8.991028e-02 -9.298291e-03
1.708765e-01 -1.408705e-01 -6.094301e-02
1.431409e-01 -2.864470e-02 3.232517e-02
1.413120e-01 2.591315e-02 3.272719e-02
1.641219e-01 1.388275e-01 -5.491825e-02
