-2.944651e-01 -6.272230e-03 5.751115e-02
-2.395629e-01 -2.934389e-03 5.439875e-02
2.211025e-02 1.953859e-03 1.538938e-01
7.814130e-02 7.093792e-03 6.406750e-02
1.404165e-01 2.809895e-03 3.154979e-02
2.297788e-01 -7.323806e-03 2.919128e-04
3.820075e-01 -5.268009e-03 -5.912495e-02
-1.822312e-01 -9.375048e-02 -4.630374e-02
-1.865185e-01 9.940986e-02 -4.762449e-02
-1.663594e-01 -1.806105e-01 -3.531022e-02
-1.883766e-01 -2.502781e-01 -7.795460e-02
-1.712270e-01 1.845493e-01 -3.141532e-02
-1.971590e-01 2.467624e-01 -7.621405e-02
2.516169e-02 -8.852836e-02 6.638710e-03
6.689027e-02 -5.204595e-02 3.544744e-02
6.160875e-02 5.779079e-02 3.304368e-02
1.189830e-02 9.272050e-02 5.447533e-03
1.740611e-01 -1.319678e-01 -6.331837e-02
1.255600e-01 -3.919566e-02 2.833498e-02
1.305917e-01 4.081937e-02 2.840489e-02
1.776735e-01 1.242655e-01 -6.176437e-02
