-2.735368e-01 -7.933658e-04 4.560767e-02
-2.197402e-01 -7.947126e-03 3.383285e-02
1.312542e-02 -1.582251e-04 1.393579e-01
7.463998e-02 -1.464670e-03 5.910443e-02
1.514258e-01 -1.823614e-03 3.986672e-02
2.211043e-01 1.558161e-03 5.907789e-03
3.695681e-01 -3.093465e-03 -9.710631e-02
-1.944788e-01 -9.789370e-02 -5.998802e-02
-1.903273e-01 9.523150e-02 -5.571440e-02
-1.755267e-01 -1.809920e-01 -4.169746e-02
-1.975812e-01 -2.457035e-01 -7.083971e-02
-1.719612e-01 1.894711e-01 -3.988152e-02
-2.033545e-01 2.453269e-01 -7.855246e-02
2.236781e-02 -9.989386e-02 4.113017e-02
6.261352e-02 -5.720174e-02 4.000200e-02
5.889306e-02 5.817495e-02 4.176095e-02
2.033260e-02 1.035124e-01 4.266062e-02
1.806942e-01 -1.230421e-01 -5.938379e-02
1.383321e-01 -4.031086e-02 3.663929e-02
1.359229e-01 3.494958e-02 4.037991e-02
1.774870e-01 1.320936e-01 -6.308667e-02
