-2.688320e-01 -6.534926e-03 6.789170e-02
-2.162076e-01 -4.300377e-03 5.198540e-02
1.780690e-02 9.183201e-03 1.304808e-01
6.510386e-02 5.494172e-03 4.145558e-02
1.490851e-01 -2.428888e-03 3.986234e-02
2.223052e-01 -7.056499e-04 8.785186e-03
3.986468e-01 4.083177e-03 -6.850974e-02
-1.849135e-01 -1.124002e-01 -5.233442e-02
-1.822183e-01 1.148715e-01 -4.362021e-02
-1.724186e-01 -1.933554e-01 -3.767094e-02
-1.946496e-01 -2.509413e-01 -7.225352e-02
-1.729293e-01 1.951530e-01 -3.386555e-02
-1.955539e-01 2.508467e-01 -7.170868e-02
1.043673e-02 -9.105574e-02 2.493610e-02
4.838240e-02 -4.720150e-02 1.974620e-02
4.064966e-02 5.505051e-02 3.172681e-02
7.250177e-03 9.202243e-02 -3.960909e-03
1.800818e-01 -1.259186e-01 -5.621219e-02
1.371275e-01 -3.673113e-02 3.613609e-02
1.327114e-01 2.823351e-02 3.728139e-02
1.781353e-01 1.166356e-01 -5.015150e-02
