-2.720105e-01 7.756786e-04 6.001645e-02
-2.145090e-01 -8.219301e-04 3.869847e-02
2.621345e-02 -3.912246e-04 1.262648e-01
7.075883e-02 -2.368919e-03 5.500855e-02
1.510842e-01 5.410613e-04 4.248965e-02
2.248140e-01 3.566092e-03 3.116842e-02
3.667871e-01 -3.361617e-03 -9.046900e-02
-1.796843e-01 -9.984879e-02 -4.514493e-02
-1.939368e-01 1.014324e-01 -3.729126e-02
-1.635155e-01 -1.935717e-01 -2.629814e-02
-1.972807e-01 -2.600987e-01 -7.336505e-02
-1.759836e-01 1.991017e-01 -3.381672e-02
-2.054288e-01 2.667082e-01 -8.087097e-02
1.708661e-02 -1.016487e-01 -1.803724e-02
6.246530e-02 -6.041790e-02 1.515277e-02
5.518459e-02 6.459952e-02 2.088280e-02
1.678204e-02 9.903362e-02 4.079521e-03
1.707624e-01 -1.369055e-01 -2.980125e-02
1.376483e-01 -4.042108e-02 3.654288e-02
1.350177e-01 3.040478e-02 4.142538e-02
1.677447e-01 1.336930e-01 -3.663515e-02
