-3.217883e-01 -3.037745e-03 4.873609e-02
-2.468543e-01 -7.426630e-03 3.529297e-02
1.855380e-02 1.058434e-02 1.490520e-01
7.611932e-02 7.141520e-03 5.785300e-02
1.392217e-01 2.958604e-03 3.340605e-02
2.461834e-01 -3.408617e-03 1.925427e-02
4.110545e-01 -4.144457e-03 -6.772756e-02
-1.800760e-01 -9.913987e-02 -4.334488e-02
-1.822889e-01 9.645158e-02 -4.243219e-02
-1.641332e-01 -1.758726e-01 -3.648039e-02
-1.803410e-01 -2.289224e-01 -6.260040e-02
-1.659481e-01 1.687900e-01 -3.159245e-02
-1.828479e-01 2.246793e-01 -5.100118e-02
1.029127e-02 -8.733201e-02 3.034076e-02
4.630200e-02 -5.442073e-02 2.718907e-02
5.029228e-02 6.136623e-02 3.087126e-02
1.969433e-02 1.023473e-01 -4.015075e-03
1.694942e-01 -1.433635e-01 -7.947091e-02
1.338062e-01 -3.959273e-02 2.412616e-02
1.364292e-01 3.661741e-02 2.805679e-02
1.668355e-01 1.357251e-01 -6.551340e-02
