-2.840926e-01 -4.230892e-03 6.028369e-02
-2.247253e-01 -1.143651e-03 4.985528e-02
2.467738e-02 1.179309e-02 1.289456e-01
4.958070e-02 7.948775e-03 3.407529e-02
1.450027e-01 6.455989e-03 3.753248e-02
2.176539e-01 1.981296e-03 1.311197e-02
3.947959e-01 9.432745e-04 -8.913745e-02
-1.751117e-01 -1.162313e-01 -4.158634e-02
-1.851465e-01 1.136690e-01 -5.200529e-02
-1.729744e-01 -2.062141e-01 -4.485952e-02
-1.889245e-01 -2.607162e-01 -7.204370e-02
-1.647923e-01 1.951016e-01 -3.378376e-02
-1.854136e-01 2.500493e-01 -6.232300e-02
1.826298e-02 -8.979248e-02 3.175612e-02
4.715345e-02 -5.035324e-02 1.173149e-02
4.675485e-02 5.222137e-02 1.974018e-02
2.725891e-02 1.064649e-01 2.172245e-02
1.779226e-01 -1.339696e-01 -4.657273e-02
1.244533e-01 -2.576428e-02 3.547997e-02
1.265411e-01 2.661658e-02 3.703213e-02
1.811230e-01 1.151705e-01 -3.895488e-02
