-2.825444e-01 -8.591021e-03 6.843444e-02
-2.279152e-01 -4.741772e-03 5.152758e-02
-8.404221e-04 8.678130e-04 1.248681e-01
5.357198e-02 -2.437661e-03 5.488975e-02
1.500202e-01 8.404989e-04 4.552372e-02
2.375872e-01 1.921073e-03 -8.857587e-05
3.987963e-01 1.021322e-02 -9.986233e-02
-1.913878e-01 -1.006954e-01 -4.439835e-02
-1.903152e-01 9.739945e-02 -4.889455e-02
-1.690128e-01 -1.737246e-01 -3.474017e-02
-1.921558e-01 -2.399202e-01 -8.419190e-02
-1.655906e-01 1.865824e-01 -4.528476e-02
-1.890984e-01 2.409503e-01 -8.673142e-02
9.465876e-03 -9.146863e-02 3.052654e-02
5.321411e-02 -4.785537e-02 2.685234e-02
5.033792e-02 4.642598e-02 3.198278e-02
2.388922e-02 9.260597e-02 3.176439e-02
1.849235e-01 -1.198965e-01 -5.991712e-02
1.354426e-01 -2.773346e-02 4.230251e-02
1.298154e-01 3.220612e-02 4.507520e-02
1.817962e-01 1.070518e-01 -4.963816e-02
