-2.929721e-01 -3.646292e-04 6.530553e-02
-2.252196e-01 5.520298e-04 4.220422e-02
7.847495e-03 -1.999090e-05 1.325441e-01
6.550649e-02 2.688712e-03 4.288994e-02
1.356373e-01 5.679201e-03 3.927458e-02
2.323383e-01 4.166920e-04 1.142841e-02
4.016263e-01 -6.647373e-03 -4.693749e-02
-1.799229e-01 -1.139637e-01 -3.583352e-02
-1.836570e-01 1.057794e-01 -3.771611e-02
-1.701495e-01 -1.859258e-01 -3.143762e-02
-1.783448e-01 -2.429024e-01 -5.579263e-02
-1.777640e-01 1.850416e-01 -3.486899e-02
-1.871407e-01 2.500995e-01 -5.955176e-02
1.877508e-02 -1.103180e-01 -1.929103e-02
5.290158e-02 -5.488658e-02 1.747149e-02
4.964835e-02 5.734107e-02 1.698675e-02
2.069348e-02 1.122469e-01 1.699678e-02
1.758237e-01 -1.361198e-01 -6.667742e-02
1.305519e-01 -3.260794e-02 3.626961e-02
1.284627e-01 3.523225e-02 3.691221e-02
1.753578e-01 1.286789e-01 -7.017704e-02
