-3.070984e-01 3.801785e-03 5.324781e-02
-2.399643e-01 5.197260e-03 4.316702e-02
3.116068e-02 9.410720e-04 1.441799e-01
7.870966e-02 3.258068e-04 5.023102e-02
1.470548e-01 9.868141e-06 3.291104e-02
2.190457e-01 3.154564e-04 1.005026e-02
3.853245e-01 -9.916191e-04 -4.485439e-02
-1.736061e-01 -1.117422e-01 -4.112483e-02
-1.832428e-01 1.134591e-01 -4.161604e-02
-1.649169e-01 -1.897374e-01 -3.649272e-02
-1.837038e-01 -2.485765e-01 -5.622025e-02
-1.670710e-01 1.884415e-01 -3.420820e-02
-1.898391e-01 2.455041e-01 -6.000080e-02
2.208020e-02 -1.039416e-01 -4.362243e-03
5.153012e-02 -6.350732e-02 2.549285e-02
5.571514e-02 5.799089e-02 2.875860e-02
1.502362e-02 1.049692e-01 3.903427e-03
1.679094e-01 -1.356492e-01 -6.681390e-02
1.366712e-01 -3.656700e-02 3.114620e-02
1.378764e-01 2.701029e-02 3.395298e-02
1.613409e-01 1.427466e-01 -7.134774e-02
