-2.836486e-01 1.925608e-03 6.242090e-02
-1.792928e-01 -1.737300e-04 3.746322e-02
-3.808413e-02 1.311919e-02 1.013564e-01
3.609306e-02 4.736823e-03 4.111865e-02
1.309015e-01 3.680315e-03 4.310677e-02
2.321443e-01 3.597762e-03 2.159751e-02
3.657637e-01 -2.152180e-03 -1.171214e-01
-1.671710e-01 -1.316117e-01 -3.150957e-02
-1.564128e-01 1.348443e-01 -2.295257e-02
-1.392351e-01 -2.221070e-01 -3.478864e-02
-1.602841e-01 -2.993277e-01 -6.725899e-02
-1.345917e-01 2.235944e-01 -3.383010e-02
-1.803600e-01 2.828807e-01 -6.452694e-02
-8.797904e-03 -1.117420e-01 7.409467e-03
3.130108e-02 -5.931574e-02 2.112710e-02
3.299550e-02 6.434028e-02 2.408960e-02
-1.030247e-02 1.203276e-01 1.687164e-02
1.917417e-01 -1.687642e-01 -3.810466e-02
1.263009e-01 -5.168146e-02 2.848672e-02
1.219832e-01 4.478589e-02 3.561533e-02
1.889555e-01 1.490428e-01 -3.057040e-02
