-2.729797e-01 1.999216e-03 6.500687e-02
-1.663600e-01 -8.772530e-04 2.937962e-02
-1.250570e-02 -1.400136e-02 9.440801e-02
4.771465e-02 -5.436991e-03 4.226494e-02
1.273719e-01 6.852023e-03 3.779186e-02
2.325795e-01 9.013559e-03 4.195901e-02
3.668720e-01 1.042280e-03 -1.171040e-01
-1.764017e-01 -1.257905e-01 -4.472849e-02
-1.778996e-01 1.325263e-01 -4.160546e-02
-1.650500e-01 -2.234881e-01 -3.036599e-02
-2.091382e-01 -2.785518e-01 -6.081382e-02
-1.605186e-01 2.135543e-01 -3.699244e-02
-1.932205e-01 2.691592e-01 -6.452408e-02
-1.641887e-03 -1.064798e-01 5.428012e-03
5.180643e-02 -6.736669e-02 1.754845e-02
4.468343e-02 5.597952e-02 2.532913e-02
1.695677e-02 1.049716e-01 8.206617e-03
1.814036e-01 -1.154051e-01 -1.542754e-02
1.402417e-01 -3.613784e-02 3.190363e-02
1.391027e-01 4.616392e-02 3.158045e-02
1.869831e-01 1.322736e-01 -1.924472e-02
