-2.863243e-01 -6.309211e-03 5.933806e-02
-1.529741e-01 -8.080326e-03 2.725011e-02
-7.849711e-03 1.220004e-02 6.120178e-02
3.165204e-02 6.903078e-03 3.346911e-02
1.377497e-01 4.146595e-03 5.225271e-02
2.646753e-01 6.489124e-03 1.490436e-02
3.741978e-01 1.138084e-02 -9.033430e-02
-1.858540e-01 -1.230226e-01 -3.466432e-02
-1.810578e-01 1.320583e-01 -2.627041e-02
-1.586656e-01 -2.251742e-01 -2.668624e-02
-1.852548e-01 -2.840191e-01 -5.954342e-02
-1.505005e-01 2.102191e-01 -1.851753e-02
-1.793555e-01 2.813743e-01 -5.487868e-02
-2.848100e-02 -9.650767e-02 1.671913e-02
1.704052e-02 -5.181867e-02 1.954007e-02
2.302435e-02 6.568146e-02 1.325530e-02
-5.593192e-03 1.115312e-01 6.624541e-03
2.190940e-01 -1.257109e-01 -3.600016e-02
1.334102e-01 -4.788102e-02 3.879035e-02
1.265599e-01 2.944629e-02 4.692370e-02
1.945068e-01 9.709340e-02 -4.337416e-02
