-2.788797e-01 2.576850e-03 6.108934e-02
-2.133886e-01 2.657816e-03 3.749839e-02
1.186374e-02 2.468087e-03 1.154729e-01
4.801093e-02 1.135738e-04 6.616480e-02
1.548485e-01 3.207167e-03 3.573339e-02
2.295038e-01 3.669915e-03 1.173487e-02
3.828102e-01 -3.945469e-04 -7.421185e-02
-1.912651e-01 -1.104243e-01 -4.842875e-02
-2.028966e-01 1.096248e-01 -4.922726e-02
-1.675477e-01 -1.922041e-01 -3.916535e-02
-1.932330e-01 -2.392221e-01 -5.696229e-02
-1.755231e-01 1.908195e-01 -4.285386e-02
-2.036445e-01 2.435677e-01 -5.640467e-02
2.050502e-02 -9.537422e-02 -3.616767e-03
5.391593e-02 -5.338352e-02 2.719274e-02
5.391848e-02 4.772567e-02 2.965307e-02
1.721963e-02 1.000904e-01 6.367540e-03
1.759432e-01 -1.335707e-01 -4.296202e-02
1.496256e-01 -3.898005e-02 3.063857e-02
1.494555e-01 3.451535e-02 3.346764e-02
1.787577e-01 1.225166e-01 -4.118041e-02
