-2.469185e-01 -2.023800e-03 5.777653e-02
-1.831996e-01 -5.570101e-03 4.892604e-02
-1.836372e-02 -4.921879e-03 1.344514e-01
5.341037e-02 -8.679850e-04 5.976502e-02
1.459312e-01 6.041207e-03 2.593215e-02
2.334331e-01 2.908424e-03 -1.895031e-03
3.799091e-01 2.848812e-03 -5.859223e-02
-1.907181e-01 -1.168305e-01 -4.714821e-02
-1.906412e-01 1.209588e-01 -4.726339e-02
-1.733522e-01 -2.016253e-01 -4.376492e-02
-2.066735e-01 -2.546923e-01 -6.949794e-02
-1.769995e-01 1.906086e-01 -3.790832e-02
-2.002813e-01 2.635066e-01 -7.123917e-02
2.256795e-02 -9.478618e-02 2.348861e-02
4.860000e-02 -5.774665e-02 4.056251e-02
4.874550e-02 5.453391e-02 3.193170e-02
2.528363e-02 1.023317e-01 1.054237e-02
1.767396e-01 -1.379233e-01 -5.332527e-02
1.409320e-01 -3.751246e-02 2.573786e-02
1.384602e-01 3.719112e-02 2.693205e-02
1.731350e-01 1.335714e-01 -5.541176e-02
