-2.822050e-01 -7.606402e-04 4.980858e-02
-2.010704e-01 -7.120671e-03 3.487038e-02
-1.421834e-02 -9.747453e-04 9.474013e-02
4.788947e-02 -1.390367e-03 4.378807e-02
1.485836e-01 3.893647e-03 3.298284e-02
2.464694e-01 4.132246e-03 1.346330e-02
3.790981e-01 -4.762800e-03 -6.793147e-02
-1.749644e-01 -1.196613e-01 -3.172350e-02
-1.773061e-01 1.187100e-01 -2.727845e-02
-1.629621e-01 -2.012574e-01 -3.217896e-02
-2.022327e-01 -2.704739e-01 -5.843993e-02
-1.641043e-01 2.107609e-01 -3.693603e-02
-1.999646e-01 2.682643e-01 -6.119013e-02
4.627059e-03 -1.070030e-01 -3.139834e-04
4.954227e-02 -5.739037e-02 2.144717e-02
5.074942e-02 5.359981e-02 2.472821e-02
3.727083e-03 9.882199e-02 1.449961e-04
1.858343e-01 -1.080165e-01 -3.156611e-02
1.399065e-01 -2.245634e-02 2.615415e-02
1.404762e-01 3.116585e-02 3.144500e-02
1.821246e-01 1.119193e-01 -2.601426e-02
