-2.681973e-01 -6.250021e-03 7.859583e-02
-1.992466e-01 -2.533768e-03 5.566095e-02
-1.114614e-02 1.698837e-03 1.213001e-01
5.190895e-02 -3.506208e-03 5.317695e-02
1.553833e-01 -7.102731e-04 2.613545e-02
2.192195e-01 -7.932068e-05 2.312315e-03
3.950199e-01 1.635030e-03 -6.003412e-02
-1.910034e-01 -1.175980e-01 -4.407724e-02
-1.887743e-01 1.236128e-01 -5.150076e-02
-1.675427e-01 -1.986504e-01 -4.156262e-02
-1.908047e-01 -2.523564e-01 -6.972638e-02
-1.638451e-01 1.953640e-01 -4.711651e-02
-1.932735e-01 2.576458e-01 -7.522571e-02
6.524314e-03 -8.974354e-02 1.547667e-02
4.034278e-02 -4.825984e-02 2.915711e-02
4.179245e-02 4.427996e-02 3.151244e-02
1.323682e-02 9.269905e-02 3.061621e-02
1.820518e-01 -1.174581e-01 -4.925038e-02
1.504557e-01 -3.857607e-02 2.376861e-02
1.447706e-01 2.917001e-02 2.687086e-02
1.731275e-01 1.296165e-01 -5.608976e-02
