-2.819302e-01 2.333001e-03 9.255837e-02
-1.815359e-01 3.203496e-03 4.649800e-02
-1.482856e-02 -5.323538e-03 1.030261e-01
5.162255e-02 -2.503905e-03 3.952038e-02
1.259647e-01 2.908950e-03 5.862210e-02
2.276379e-01 3.713193e-03 -3.553607e-04
3.531516e-01 7.256923e-03 -1.081092e-01
-1.771534e-01 -1.242881e-01 -4.241215e-02
-1.812761e-01 1.190752e-01 -4.918783e-02
-1.496489e-01 -2.113157e-01 -3.288740e-02
-1.890417e-01 -2.777759e-01 -9.027013e-02
-1.530112e-01 2.083717e-01 -4.026884e-02
-1.840020e-01 2.855748e-01 -8.410914e-02
1.565463e-02 -1.061228e-01 5.249272e-03
4.797777e-02 -5.409815e-02 2.756953e-02
4.324864e-02 5.401264e-02 2.466660e-02
2.387160e-02 1.063316e-01 2.422393e-02
1.979604e-01 -1.443209e-01 -3.198453e-02
1.243009e-01 -3.428295e-02 5.114429e-02
1.201072e-01 3.663942e-02 5.139721e-02
1.809302e-01 1.306110e-01 -4.489119e-02
