-2.784409e-01 -1.894686e-03 6.934420e-02
-2.044172e-01 -1.200341e-03 5.340199e-02
1.730492e-02 -8.350818e-04 1.171124e-01
5.929511e-02 5.063297e-04 4.626124e-02
1.343184e-01 3.355677e-03 4.684143e-02
2.430269e-01 2.576158e-03 1.921830e-02
3.927258e-01 -4.233300e-03 -9.612095e-02
-1.892881e-01 -1.115035e-01 -4.752488e-02
-1.862862e-01 1.061864e-01 -4.270750e-02
-1.793711e-01 -1.840239e-01 -4.251155e-02
-2.057237e-01 -2.444321e-01 -7.596446e-02
-1.801755e-01 1.797046e-01 -4.469810e-02
-1.981054e-01 2.397730e-01 -7.181646e-02
2.137174e-02 -9.214720e-02 3.388017e-03
4.849450e-02 -4.219131e-02 2.769384e-02
4.966682e-02 4.578073e-02 2.883736e-02
1.994023e-02 9.806663e-02 3.611233e-03
1.855904e-01 -1.157782e-01 -4.007722e-02
1.323761e-01 -3.329613e-02 4.418653e-02
1.306592e-01 3.365689e-02 4.535770e-02
1.870381e-01 1.219294e-01 -4.383310e-02
