-2.993587e-01 8.069415e-03 5.328781e-02
-1.996842e-01 9.972048e-04 3.026206e-02
-3.867430e-02 -4.299832e-03 1.052315e-01
4.091075e-02 1.325641e-03 5.083612e-02
1.381218e-01 2.981021e-03 4.369746e-02
2.263496e-01 -5.932769e-03 1.181261e-02
4.204101e-01 -4.772589e-03 -1.410637e-01
-1.619491e-01 -1.185552e-01 -3.080538e-02
-1.666037e-01 1.095328e-01 -3.346864e-02
-1.565170e-01 -2.041564e-01 -3.421185e-02
-1.787647e-01 -2.655180e-01 -7.350058e-02
-1.549576e-01 1.990580e-01 -3.628100e-02
-1.817394e-01 2.576025e-01 -5.994529e-02
5.698052e-03 -9.494592e-02 1.919479e-02
4.294668e-02 -4.975201e-02 3.090656e-02
4.834934e-02 5.189021e-02 3.180206e-02
8.237490e-03 1.071186e-01 2.186482e-02
1.858435e-01 -1.202176e-01 -2.813298e-02
1.232608e-01 -3.907665e-02 3.746256e-02
1.222786e-01 4.878535e-02 3.597867e-02
1.758419e-01 1.198663e-01 -3.492757e-02
