-2.893214e-01 -8.389577e-05 8.184370e-02
-1.795869e-01 -1.689538e-03 3.744505e-02
-1.289920e-03 8.053823e-04 1.028323e-01
6.021991e-02 5.103834e-03 4.273237e-02
1.445867e-01 1.413723e-03 4.181169e-02
2.053187e-01 7.085425e-04 1.330817e-02
3.802790e-01 5.078874e-03 -7.542644e-02
-1.813543e-01 -1.106207e-01 -5.013549e-02
-1.828868e-01 1.075312e-01 -4.869120e-02
-1.563457e-01 -1.962772e-01 -1.919054e-02
-2.025790e-01 -2.728212e-01 -7.528801e-02
-1.724685e-01 2.084114e-01 -3.438708e-02
-1.988538e-01 2.659728e-01 -6.968295e-02
2.132726e-02 -1.011484e-01 6.638337e-03
4.256267e-02 -5.624492e-02 2.253544e-02
5.231837e-02 6.287116e-02 2.173653e-02
1.840916e-02 1.053962e-01 1.112547e-02
1.844069e-01 -1.317079e-01 -4.681982e-02
1.370076e-01 -5.643868e-02 3.331455e-02
1.420779e-01 5.090588e-02 3.678135e-02
1.761722e-01 1.128334e-01 -3.248338e-02
