-2.606340e-01 -1.767512e-03 3.435509e-02
-1.593016e-01 8.128900e-03 3.116559e-02
-3.019787e-02 7.248944e-03 1.180328e-01
3.506343e-02 -1.086060e-03 5.782113e-02
1.444237e-01 5.494697e-04 5.689725e-02
2.222494e-01 5.275278e-03 4.068184e-03
4.124576e-01 -7.254603e-03 -1.160312e-01
-1.688976e-01 -1.033610e-01 -3.277442e-02
-1.816083e-01 1.195164e-01 -3.560066e-02
-1.583513e-01 -2.090354e-01 -2.976079e-02
-1.843843e-01 -2.738803e-01 -6.374514e-02
-1.680019e-01 2.004851e-01 -2.845771e-02
-1.848408e-01 2.594377e-01 -6.545423e-02
-1.002826e-02 -1.044080e-01 -2.403468e-03
2.760072e-02 -5.397430e-02 2.797012e-02
2.569413e-02 5.311539e-02 3.922286e-02
-7.696713e-03 1.083800e-01 1.662569e-02
1.887736e-01 -1.348961e-01 -5.990148e-02
1.436107e-01 -4.925634e-02 5.019840e-02
1.336110e-01 4.772031e-02 5.552649e-02
1.804584e-01 1.290621e-01 -5.775455e-02
