-2.860987e-01 1.393420e-03 5.640962e-02
-2.203941e-01 3.678086e-03 4.407296e-02
1.607828e-02 8.007371e-04 1.168104e-01
5.845953e-02 -4.464407e-03 6.265570e-02
1.431074e-01 -8.132570e-04 5.470370e-02
2.402920e-01 3.770058e-03 1.130158e-02
3.984220e-01 5.619808e-03 -1.051447e-01
-1.893062e-01 -9.350767e-02 -4.769210e-02
-1.928236e-01 9.246001e-02 -5.536992e-02
-1.773051e-01 -1.749426e-01 -3.394209e-02
-1.960321e-01 -2.388447e-01 -5.708563e-02
-1.781240e-01 1.803855e-01 -4.475910e-02
-1.972222e-01 2.350948e-01 -6.772567e-02
1.370077e-02 -9.987487e-02 -1.835146e-02
5.303567e-02 -5.407169e-02 1.723439e-02
5.268820e-02 4.676551e-02 3.350129e-02
1.930380e-02 9.831790e-02 2.421360e-02
1.867371e-01 -1.131262e-01 -4.427568e-02
1.371219e-01 -3.216323e-02 4.859947e-02
1.354712e-01 2.857906e-02 5.125770e-02
1.828883e-01 1.149438e-01 -4.641404e-02
