-2.504448e-01 -1.548670e-03 8.191148e-02
-1.866874e-01 -6.182002e-04 5.618603e-02
5.651654e-03 4.219407e-03 1.139161e-01
4.516752e-02 6.884779e-04 4.762977e-02
1.328287e-01 2.191351e-03 4.993309e-02
2.221434e-01 2.167937e-03 9.033085e-03
3.971464e-01 5.350506e-03 -8.792797e-02
-1.864303e-01 -1.121785e-01 -4.810039e-02
-1.781460e-01 1.057313e-01 -5.265885e-02
-1.577361e-01 -2.042539e-01 -4.065482e-02
-2.005215e-01 -2.779425e-01 -7.879644e-02
-1.563406e-01 1.999511e-01 -3.896820e-02
-1.910846e-01 2.727718e-01 -7.122265e-02
2.811915e-03 -1.012521e-01 9.848910e-03
3.729865e-02 -5.122336e-02 2.660241e-02
3.683368e-02 5.099433e-02 2.387420e-02
7.851442e-03 1.050554e-01 3.885225e-03
1.801613e-01 -1.334150e-01 -5.037359e-02
1.315889e-01 -3.072090e-02 4.794812e-02
1.252000e-01 3.659885e-02 4.464417e-02
1.827079e-01 1.274328e-01 -4.670967e-02
