-2.713724e-01 -1.950519e-03 6.449293e-02
-2.041323e-01 -5.780032e-03 4.156154e-02
8.563265e-03 -2.179994e-03 1.090659e-01
5.301523e-02 5.536371e-03 4.670850e-02
1.266703e-01 6.958967e-03 6.867998e-02
2.301244e-01 2.553625e-03 1.645495e-02
4.190896e-01 -6.896557e-03 -1.233377e-01
-1.858769e-01 -9.739631e-02 -4.944306e-02
-1.834487e-01 9.205154e-02 -4.457297e-02
-1.585526e-01 -1.927632e-01 -3.617739e-02
-1.947970e-01 -2.446472e-01 -6.481969e-02
-1.594784e-01 1.909127e-01 -3.700894e-02
-2.010335e-01 2.491749e-01 -6.341541e-02
9.019115e-03 -9.659442e-02 -2.139494e-03
4.301379e-02 -4.931398e-02 2.447708e-02
4.085796e-02 5.258305e-02 2.384744e-02
9.945698e-03 9.900353e-02 -3.979795e-03
1.867417e-01 -1.308886e-01 -4.690558e-02
1.186777e-01 -3.583228e-02 5.912319e-02
1.217354e-01 3.804583e-02 6.199041e-02
1.912376e-01 1.274226e-01 -4.460188e-02
