-2.552544e-01 8.201096e-03 9.560635e-02
-1.753825e-01 3.811158e-04 5.334021e-02
-6.292638e-03 -3.979314e-03 1.195049e-01
5.364802e-02 1.007978e-03 5.692057e-02
1.325654e-01 -4.677576e-04 5.940975e-02
2.207452e-01 -1.483600e-03 -1.073648e-02
3.696762e-01 1.184696e-02 -7.219750e-02
-1.697990e-01 -1.009133e-01 -4.219954e-02
-1.720091e-01 1.061363e-01 -4.114704e-02
-1.448598e-01 -2.128719e-01 -3.871977e-02
-1.776870e-01 -2.998215e-01 -8.638074e-02
-1.518953e-01 2.129543e-01 -3.996548e-02
-1.867562e-01 2.948051e-01 -8.330718e-02
-3.361988e-03 -1.132184e-01 3.318516e-04
3.641822e-02 -6.396526e-02 1.852235e-02
4.189711e-02 6.029481e-02 2.559203e-02
1.708080e-03 1.219207e-01 -1.887147e-03
1.721164e-01 -1.657515e-01 -4.956986e-02
1.232580e-01 -5.358773e-02 4.988214e-02
1.207485e-01 4.335441e-02 4.774414e-02
1.705170e-01 1.551575e-01 -6.074354e-02
