-2.962051e-01 -7.725263e-04 6.322475e-02
-2.124386e-01 -1.602859e-03 4.775924e-02
1.858954e-02 1.333947e-03 1.306871e-01
6.368092e-02 4.767411e-03 6.016474e-02
1.453560e-01 8.332267e-03 4.018568e-02
2.229250e-01 6.297903e-03 2.175631e-03
3.709533e-01 3.770860e-03 -6.874170e-02
-1.787527e-01 -1.170554e-01 -3.899992e-02
-1.794251e-01 1.106535e-01 -4.703409e-02
-1.659714e-01 -2.085365e-01 -3.587180e-02
-1.863528e-01 -2.624901e-01 -7.121110e-02
-1.624159e-01 2.058750e-01 -3.851001e-02
-1.802300e-01 2.640221e-01 -7.910187e-02
1.013238e-02 -9.812921e-02 -9.584998e-03
5.027617e-02 -5.983693e-02 2.826795e-02
5.532586e-02 4.585802e-02 3.849879e-02
1.838879e-02 9.483383e-02 2.361713e-02
1.655164e-01 -1.321060e-01 -6.103030e-02
1.368559e-01 -3.334070e-02 3.846249e-02
1.366360e-01 4.176652e-02 3.528429e-02
1.671555e-01 1.263589e-01 -5.824203e-02
