-2.785650e-01 1.707125e-03 7.224228e-02
-2.253213e-01 4.296520e-04 6.075943e-02
8.568845e-03 -1.651003e-06 1.131417e-01
5.556010e-02 1.543230e-03 4.940148e-02
1.483767e-01 -4.020952e-04 4.020158e-02
2.386987e-01 -1.850890e-03 1.396904e-02
3.985193e-01 1.141755e-03 -7.797025e-02
-1.921053e-01 -1.047743e-01 -5.179074e-02
-1.854751e-01 9.518212e-02 -4.372878e-02
-1.673749e-01 -1.782400e-01 -3.610416e-02
-1.912966e-01 -2.445683e-01 -7.166975e-02
-1.684006e-01 1.785051e-01 -3.719998e-02
-2.029485e-01 2.473674e-01 -7.118844e-02
1.338795e-02 -9.117137e-02 1.285869e-02
4.495948e-02 -4.977025e-02 1.646750e-02
4.215763e-02 5.077683e-02 1.930581e-02
1.272740e-02 9.677318e-02 4.273550e-03
1.786062e-01 -1.264885e-01 -4.326187e-02
1.417336e-01 -3.515256e-02 3.534913e-02
1.420165e-01 3.443741e-02 3.550324e-02
1.861750e-01 1.245561e-01 -4.055941e-02
