-2.770947e-01 -3.135060e-04 7.178322e-02
-2.096621e-01 -1.794349e-03 4.423459e-02
1.331507e-02 -1.305181e-03 1.222985e-01
5.484775e-02 -1.277385e-03 5.208890e-02
1.419028e-01 -1.300060e-03 3.444864e-02
2.211746e-01 2.507969e-03 1.111690e-02
4.206271e-01 -1.949643e-03 -7.313314e-02
-1.860077e-01 -1.050259e-01 -4.734030e-02
-1.829224e-01 1.004249e-01 -4.794401e-02
-1.684982e-01 -1.929014e-01 -3.092072e-02
-1.924159e-01 -2.529997e-01 -6.339563e-02
-1.691043e-01 1.903090e-01 -3.360123e-02
-1.919718e-01 2.554225e-01 -6.309264e-02
9.704354e-03 -1.053309e-01 -2.615724e-03
4.155606e-02 -5.493687e-02 1.782490e-02
4.648684e-02 5.959170e-02 1.777275e-02
1.402178e-02 1.044519e-01 1.083168e-02
1.785423e-01 -1.107460e-01 -4.020654e-02
1.311627e-01 -2.624316e-02 3.511781e-02
1.315861e-01 2.388100e-02 3.545834e-02
1.727498e-01 1.195351e-01 -5.072632e-02
