-2.683268e-01 -2.324480e-04 6.875691e-02
-1.753492e-01 -3.897043e-03 3.862541e-02
-9.414427e-03 1.334646e-04 1.100856e-01
4.750542e-02 -3.493723e-03 4.291182e-02
1.372088e-01 8.774020e-04 4.897224e-02
2.129291e-01 3.763431e-04 1.697219e-02
4.085787e-01 -3.213454e-03 -8.223256e-02
-1.873671e-01 -1.116084e-01 -3.591062e-02
-1.875020e-01 1.084946e-01 -3.163643e-02
-1.622076e-01 -1.940677e-01 -2.904427e-02
-1.982704e-01 -2.668112e-01 -6.762534e-02
-1.653857e-01 1.967198e-01 -3.005374e-02
-2.031935e-01 2.695074e-01 -6.550213e-02
1.672613e-02 -9.525177e-02 -6.144735e-03
5.425039e-02 -6.060366e-02 6.095183e-03
5.123205e-02 5.797483e-02 1.152094e-02
1.351587e-02 9.954584e-02 -3.089788e-04
1.855538e-01 -1.336431e-01 -3.305712e-02
1.192474e-01 -3.676869e-02 4.167673e-02
1.241935e-01 4.280409e-02 4.252211e-02
1.860756e-01 1.331574e-01 -4.662323e-02
