-2.748898e-01 -8.398707e-04 7.087431e-02
-1.786226e-01 -8.012013e-03 3.537668e-02
-7.836949e-03 -5.258140e-03 9.600776e-02
3.901176e-02 -3.027121e-03 5.018922e-02
1.216613e-01 8.776857e-04 5.661817e-02
2.275893e-01 -1.302441e-03 1.915617e-02
3.732073e-01 -4.267121e-03 -1.262632e-01
-1.656653e-01 -1.358359e-01 -3.283131e-02
-1.637876e-01 1.305603e-01 -3.715579e-02
-1.522842e-01 -2.247035e-01 -3.818367e-02
-1.777945e-01 -2.809416e-01 -6.785663e-02
-1.457122e-01 2.148106e-01 -3.357988e-02
-1.849979e-01 2.919440e-01 -7.071541e-02
2.377077e-03 -1.003798e-01 -3.746086e-04
4.273510e-02 -5.400497e-02 1.690056e-02
3.657843e-02 6.291965e-02 1.556929e-02
8.514284e-03 1.089140e-01 9.251821e-03
1.870368e-01 -1.576514e-01 -2.816566e-02
1.143153e-01 -3.706279e-02 4.942898e-02
1.134029e-01 5.011126e-02 4.870795e-02
1.851616e-01 1.531492e-01 -3.295474e-02
