-2.694979e-01 1.171305e-02 5.457469e-02
-1.934737e-01 3.327023e-03 3.107690e-02
6.326378e-03 -5.353854e-03 9.658668e-02
5.462309e-02 -5.144165e-03 3.028670e-02
1.280855e-01 1.220345e-03 5.259755e-02
2.387961e-01 3.862078e-03 3.080000e-02
3.764343e-01 1.629871e-02 -1.129212e-01
-1.695524e-01 -1.238315e-01 -2.725436e-02
-1.700231e-01 1.237587e-01 -2.785042e-02
-1.609929e-01 -2.165805e-01 -2.080123e-02
-2.097343e-01 -2.818453e-01 -7.578737e-02
-1.528628e-01 2.088690e-01 -2.724917e-02
-1.983117e-01 2.688960e-01 -7.247816e-02
3.671572e-03 -1.081528e-01 -3.927617e-03
4.184893e-02 -6.706967e-02 2.406533e-02
4.118591e-02 6.019690e-02 1.049261e-02
1.637457e-02 1.007225e-01 -5.314643e-04
1.851747e-01 -1.198950e-01 -2.860805e-02
1.192143e-01 -3.821702e-02 4.944837e-02
1.240845e-01 3.794080e-02 4.520429e-02
1.886289e-01 1.292848e-01 -2.772408e-02
