-2.688444e-01 -1.446558e-03 5.803351e-02
-1.905784e-01 -1.746103e-03 5.263376e-02
-3.826319e-03 2.954053e-03 1.359273e-01
5.145243e-02 6.333048e-04 6.378583e-02
1.417590e-01 1.301129e-03 4.267658e-02
2.417093e-01 -7.172004e-04 -8.016941e-03
3.922449e-01 -3.933524e-03 -8.633005e-02
-1.784575e-01 -9.780195e-02 -4.372060e-02
-1.838690e-01 1.032924e-01 -4.109274e-02
-1.603631e-01 -1.932688e-01 -3.356302e-02
-1.865151e-01 -2.676000e-01 -8.780326e-02
-1.682966e-01 1.912354e-01 -3.397544e-02
-1.914612e-01 2.662881e-01 -8.761232e-02
3.427912e-03 -9.797383e-02 9.307501e-03
4.818863e-02 -5.591142e-02 2.806304e-02
4.861961e-02 5.076543e-02 3.362421e-02
5.709945e-03 1.016267e-01 2.949012e-02
1.685210e-01 -1.341059e-01 -4.859811e-02
1.310746e-01 -3.652523e-02 4.096244e-02
1.312892e-01 4.077759e-02 4.032887e-02
1.682152e-01 1.321566e-01 -6.412063e-02
