-3.040199e-01 -1.814873e-04 4.283709e-02
-2.378913e-01 -1.305921e-03 3.504205e-02
1.018794e-02 1.229925e-03 1.319256e-01
5.956867e-02 1.181201e-03 7.384698e-02
1.432376e-01 6.020839e-04 4.835836e-02
2.633514e-01 4.630963e-03 2.466397e-03
3.851918e-01 -1.621153e-03 -1.072445e-01
-1.951928e-01 -8.617241e-02 -5.056621e-02
-1.950909e-01 8.848019e-02 -4.920978e-02
-1.740417e-01 -1.716471e-01 -2.649074e-02
-1.925112e-01 -2.296232e-01 -6.132326e-02
-1.786236e-01 1.700242e-01 -3.003485e-02
-1.916911e-01 2.249361e-01 -6.844905e-02
2.095612e-02 -9.250092e-02 -1.169105e-02
5.734444e-02 -5.345103e-02 2.212904e-02
5.453947e-02 5.129646e-02 2.199322e-02
2.900033e-02 9.222811e-02 2.333617e-02
1.898293e-01 -1.170959e-01 -4.314000e-02
1.342525e-01 -3.088126e-02 4.754667e-02
1.335409e-01 3.298329e-02 4.478984e-02
1.880622e-01 1.168878e-01 -4.612194e-02
