-2.580563e-01 6.714965e-03 3.691803e-02
-1.808996e-01 -1.306642e-03 4.655453e-02
-2.372138e-02 4.182708e-04 1.289577e-01
4.509637e-02 4.558662e-03 6.875625e-02
1.438581e-01 4.772729e-03 4.665161e-02
2.509348e-01 -3.011763e-03 9.063700e-03
4.392245e-01 -3.686438e-03 -1.083241e-01
-1.846731e-01 -1.065227e-01 -3.712935e-02
-1.859492e-01 9.983959e-02 -3.253640e-02
-1.674192e-01 -1.849124e-01 -2.955579e-02
-1.887671e-01 -2.401935e-01 -6.447695e-02
-1.783564e-01 1.791138e-01 -3.674638e-02
-1.952379e-01 2.369967e-01 -6.905519e-02
-2.040874e-02 -9.571763e-02 -7.939320e-03
1.931160e-02 -5.315564e-02 2.395512e-02
3.097213e-02 5.406272e-02 3.490114e-02
-6.048017e-03 9.776325e-02 1.306953e-02
1.888433e-01 -1.107452e-01 -6.103059e-02
1.397216e-01 -2.937254e-02 4.174721e-02
1.386553e-01 3.740060e-02 4.413391e-02
1.929193e-01 1.069832e-01 -4.791462e-02
