-2.461856e-01 -4.847351e-03 6.256082e-02
-1.840003e-01 -2.837706e-03 6.264458e-02
1.024165e-02 4.519990e-03 1.248660e-01
6.254683e-02 -2.267725e-05 4.428043e-02
1.214689e-01 -3.529475e-04 6.055590e-02
2.414458e-01 2.418736e-03 3.334983e-02
4.069199e-01 -3.028249e-03 -8.520707e-02
-1.842658e-01 -9.687784e-02 -4.399937e-02
-1.860151e-01 1.033200e-01 -4.705650e-02
-1.664504e-01 -1.923317e-01 -3.313032e-02
-2.093278e-01 -2.542668e-01 -6.865363e-02
-1.729366e-01 1.880388e-01 -3.391875e-02
-2.040637e-01 2.482198e-01 -6.004975e-02
8.578902e-03 -9.885023e-02 -1.866717e-02
4.339576e-02 -5.645504e-02 1.588539e-02
4.231571e-02 5.448622e-02 1.940934e-02
1.333762e-02 1.074449e-01 -2.570501e-02
1.918388e-01 -1.499264e-01 -5.543804e-02
1.090186e-01 -3.444355e-02 5.105442e-02
1.135362e-01 3.735047e-02 5.636625e-02
1.886007e-01 1.484415e-01 -5.914733e-02
