-2.488786e-01 -1.706771e-04 4.930924e-02
-1.872994e-01 -3.098125e-03 4.898025e-02
-1.591724e-04 8.225539e-04 1.299234e-01
5.282058e-02 -1.827573e-03 6.952572e-02
1.495306e-01 1.456607e-03 5.314820e-02
2.575294e-01 2.307228e-03 1.571168e-02
3.919270e-01 -1.170286e-03 -1.144445e-01
-1.877038e-01 -1.117044e-01 -4.991989e-02
-1.872368e-01 1.131995e-01 -5.239683e-02
-1.744677e-01 -1.907242e-01 -4.025811e-02
-2.096486e-01 -2.480675e-01 -6.710176e-02
-1.765399e-01 1.867429e-01 -4.810366e-02
-1.990419e-01 2.347339e-01 -5.971603e-02
-7.992033e-03 -9.978427e-02 -1.531008e-02
2.666136e-02 -5.997312e-02 2.956106e-02
3.266827e-02 5.941086e-02 2.789240e-02
9.445520e-03 1.009762e-01 6.143442e-03
1.853117e-01 -1.110182e-01 -3.503328e-02
1.451254e-01 -2.634326e-02 4.992580e-02
1.412654e-01 3.660655e-02 4.288276e-02
1.866827e-01 1.176253e-01 -4.071982e-02
