-2.817957e-01 2.881636e-03 4.610042e-02
-2.239570e-01 3.196437e-03 3.437510e-02
2.320895e-02 1.320519e-03 1.228526e-01
5.771354e-02 1.823356e-03 4.413769e-02
1.311260e-01 2.464875e-03 4.579401e-02
2.453358e-01 5.631557e-04 2.537590e-02
4.097361e-01 -3.301499e-03 -7.395479e-02
-1.828771e-01 -1.118352e-01 -3.559983e-02
-1.903719e-01 1.104141e-01 -4.316526e-02
-1.658840e-01 -1.935748e-01 -2.785835e-02
-1.960137e-01 -2.397225e-01 -4.620278e-02
-1.713551e-01 1.785112e-01 -3.035048e-02
-1.984250e-01 2.443519e-01 -4.913088e-02
8.972282e-03 -9.448815e-02 -2.257842e-02
4.523834e-02 -5.068731e-02 1.861874e-02
4.463746e-02 4.826374e-02 1.960506e-02
1.682150e-02 9.597437e-02 5.805025e-03
1.877230e-01 -1.246473e-01 -5.492571e-02
1.291229e-01 -3.541152e-02 3.585334e-02
1.224088e-01 3.742725e-02 3.905250e-02
1.886348e-01 1.264758e-01 -5.380391e-02
