-2.741189e-01 -3.948847e-04 4.106212e-02
-1.931559e-01 -2.802708e-03 4.942191e-02
8.689783e-03 -7.138619e-05 1.156867e-01
5.246629e-02 -2.990396e-03 5.433251e-02
1.291177e-01 -4.292179e-04 5.400923e-02
2.326078e-01 2.068429e-03 2.989099e-02
4.101605e-01 1.031158e-02 -1.152120e-01
-1.829659e-01 -1.167251e-01 -3.622245e-02
-1.802115e-01 1.247958e-01 -3.146063e-02
-1.753163e-01 -1.953590e-01 -4.299517e-02
-2.012430e-01 -2.470745e-01 -5.786607e-02
-1.675174e-01 1.939855e-01 -4.202628e-02
-1.911228e-01 2.347486e-01 -6.613402e-02
4.293419e-03 -9.185855e-02 1.050239e-02
3.979979e-02 -5.447032e-02 1.918975e-02
3.838565e-02 4.590477e-02 2.849262e-02
1.119433e-02 9.552630e-02 -1.063818e-02
1.920063e-01 -1.241551e-01 -5.357534e-02
1.296814e-01 -3.166333e-02 4.595689e-02
1.257787e-01 2.844881e-02 4.985067e-02
1.914699e-01 1.322048e-01 -4.226561e-02
