-2.995570e-01 -9.004243e-04 5.710190e-02
-2.122515e-01 1.868076e-03 5.471585e-02
1.438376e-03 4.456005e-03 1.360553e-01
5.974075e-02 3.523458e-03 6.680377e-02
1.440170e-01 -6.001472e-03 3.554760e-02
2.322422e-01 -1.247652e-03 4.060289e-03
4.196845e-01 6.657518e-03 -9.018202e-02
-1.825839e-01 -8.702934e-02 -4.190913e-02
-1.992633e-01 9.185693e-02 -5.037008e-02
-1.707640e-01 -1.686402e-01 -3.743054e-02
-1.906270e-01 -2.317467e-01 -6.788917e-02
-1.730610e-01 1.683572e-01 -4.122042e-02
-1.969460e-01 2.290475e-01 -7.717600e-02
1.811238e-02 -9.004805e-02 -6.903408e-03
4.969024e-02 -5.231125e-02 3.207950e-02
4.689692e-02 5.254346e-02 3.012364e-02
2.276895e-02 9.485216e-02 3.504474e-02
1.817480e-01 -1.305155e-01 -5.534880e-02
1.331556e-01 -3.718806e-02 3.469518e-02
1.315086e-01 3.398328e-02 3.516076e-02
1.840501e-01 1.184831e-01 -5.295897e-02
