-2.665122e-01 -4.132988e-03 6.559074e-02
-1.672052e-01 -3.041892e-03 4.622815e-02
-8.179126e-03 -4.210810e-04 1.132677e-01
6.115642e-02 -4.942762e-03 3.920420e-02
1.401985e-01 5.442599e-03 5.194306e-02
2.280181e-01 9.744965e-05 1.801478e-02
3.773375e-01 1.731816e-03 -1.031785e-01
-1.757068e-01 -1.202719e-01 -3.937486e-02
-1.691646e-01 1.188682e-01 -4.541382e-02
-1.630392e-01 -2.132732e-01 -3.265189e-02
-2.047220e-01 -2.632928e-01 -7.648006e-02
-1.622299e-01 2.082001e-01 -3.960677e-02
-2.002687e-01 2.687700e-01 -7.398024e-02
2.923312e-03 -1.129312e-01 1.016348e-02
3.446057e-02 -6.813156e-02 2.091270e-02
4.164889e-02 6.033161e-02 2.223183e-02
1.159952e-02 1.107076e-01 7.139093e-03
1.810932e-01 -1.308682e-01 -4.253207e-02
1.302426e-01 -2.914500e-02 4.994054e-02
1.262170e-01 3.691954e-02 4.634379e-02
1.821320e-01 1.393838e-01 -3.776184e-02
