-2.680118e-01 8.245869e-03 7.569688e-02
-1.797472e-01 3.244067e-03 3.557884e-02
-2.779316e-03 -1.832513e-03 1.139128e-01
5.322523e-02 -2.153294e-03 4.475306e-02
1.287444e-01 -2.050551e-03 4.711690e-02
2.116296e-01 -4.301919e-03 3.397470e-02
3.878636e-01 -4.747889e-04 -7.378978e-02
-1.649358e-01 -1.268719e-01 -2.528522e-02
-1.689163e-01 1.255618e-01 -3.562945e-02
-1.391823e-01 -2.253218e-01 -2.662597e-02
-1.773419e-01 -2.880272e-01 -7.313831e-02
-1.520062e-01 2.246914e-01 -2.669696e-02
-1.896720e-01 2.893591e-01 -6.880165e-02
2.699705e-03 -1.042786e-01 -1.379129e-02
3.700774e-02 -5.559205e-02 2.074985e-02
3.931814e-02 6.425785e-02 1.344144e-02
-3.689488e-03 1.073432e-01 3.872586e-03
1.783203e-01 -1.591209e-01 -5.949228e-02
1.195838e-01 -3.878932e-02 3.978708e-02
1.209646e-01 3.373398e-02 4.174552e-02
1.669252e-01 1.523776e-01 -6.737878e-02
