-2.267442e-01 -6.979499e-03 6.116943e-02
-1.564202e-01 -8.802858e-05 5.522820e-02
-1.993478e-02 -1.067505e-03 1.140713e-01
5.130712e-02 -1.989465e-03 2.887127e-02
1.182204e-01 -2.658938e-03 4.092289e-02
1.923751e-01 -6.672575e-04 3.320467e-02
4.382091e-01 -1.399396e-02 -5.513805e-02
-1.736234e-01 -1.160016e-01 -3.426340e-02
-1.801004e-01 1.182776e-01 -3.990921e-02
-1.636138e-01 -2.071226e-01 -1.717721e-02
-1.894026e-01 -2.712053e-01 -6.078974e-02
-1.768698e-01 2.068361e-01 -2.547749e-02
-2.053163e-01 2.765769e-01 -6.659006e-02
6.440119e-05 -1.076106e-01 2.043955e-03
3.556617e-02 -6.631510e-02 -1.711632e-03
4.256582e-02 6.847502e-02 1.306139e-02
5.367794e-03 1.164692e-01 1.748812e-02
1.812324e-01 -1.476119e-01 -6.649082e-02
1.207881e-01 -4.265799e-02 2.905046e-02
1.174508e-01 4.145807e-02 3.486348e-02
1.888781e-01 1.578768e-01 -6.242758e-02
