-2.611553e-01 -1.940475e-03 6.984296e-02
-1.499974e-01 -2.670302e-04 5.137190e-02
-7.338484e-05 2.934134e-04 1.217293e-01
6.889750e-02 -3.835071e-03 4.461791e-02
1.209688e-01 -1.672111e-03 4.802528e-02
2.344799e-01 -2.867161e-03 1.489945e-02
3.777297e-01 2.290105e-03 -8.649561e-02
-1.818779e-01 -1.112555e-01 -4.801189e-02
-1.883524e-01 1.135936e-01 -5.221463e-02
-1.767757e-01 -2.012906e-01 -3.960644e-02
-1.981412e-01 -2.618527e-01 -8.231473e-02
-1.757269e-01 1.875843e-01 -4.171468e-02
-2.023304e-01 2.698241e-01 -8.667791e-02
1.764342e-02 -1.069153e-01 2.621986e-02
5.217106e-02 -6.619632e-02 2.095177e-02
5.557871e-02 6.369013e-02 2.633246e-02
2.693655e-02 1.128395e-01 4.210022e-02
1.710872e-01 -1.484790e-01 -5.162465e-02
1.162508e-01 -4.650599e-02 4.062112e-02
1.169394e-01 4.480697e-02 4.566068e-02
1.757475e-01 1.581550e-01 -6.371241e-02
