-2.731229e-01 -1.321713e-04 6.271608e-02
-1.829014e-01 -5.061414e-03 3.177058e-02
-2.784197e-02 3.660870e-04 8.382127e-02
4.579319e-02 -1.956250e-03 3.044829e-02
1.334163e-01 5.060706e-03 5.293664e-02
2.447545e-01 5.493021e-03 1.871832e-02
3.693076e-01 7.563564e-03 -8.676741e-02
-1.739069e-01 -1.249886e-01 -2.044513e-02
-1.673362e-01 1.195017e-01 -3.148876e-02
-1.633977e-01 -2.151110e-01 -2.718659e-02
-2.114851e-01 -2.826789e-01 -6.905138e-02
-1.523038e-01 2.106020e-01 -3.857729e-02
-1.946932e-01 2.781046e-01 -5.453402e-02
8.481660e-03 -1.082770e-01 -9.920887e-03
4.622247e-02 -6.095593e-02 1.207327e-02
5.091894e-02 5.474180e-02 4.934970e-03
1.127985e-02 9.970042e-02 -9.378592e-03
1.895807e-01 -1.158099e-01 -2.780568e-02
1.278773e-01 -2.065314e-02 5.652258e-02
1.280498e-01 2.803216e-02 5.144563e-02
1.913067e-01 1.264581e-01 -3.023190e-02
