-2.764170e-01 1.652256e-03 6.594262e-02
-2.096446e-01 -6.589747e-03 3.886444e-02
-5.759368e-03 -7.858454e-03 9.996447e-02
5.476274e-02 -3.613706e-03 2.131725e-02
1.379468e-01 1.250517e-03 3.157770e-02
2.497797e-01 4.036167e-03 3.362850e-02
3.936949e-01 -9.233050e-05 -6.182274e-02
-1.672156e-01 -1.224160e-01 -2.949067e-02
-1.730954e-01 1.288918e-01 -3.421406e-02
-1.669399e-01 -1.974000e-01 -2.351087e-02
-1.894115e-01 -2.533616e-01 -4.213212e-02
-1.710358e-01 2.064084e-01 -2.603606e-02
-1.919334e-01 2.534068e-01 -4.397782e-02
1.441296e-03 -1.152840e-01 -1.762173e-02
3.159508e-02 -6.460510e-02 6.568746e-03
3.041416e-02 5.786425e-02 4.096124e-03
-3.277099e-03 1.225378e-01 -1.773025e-02
2.017544e-01 -1.486970e-01 -3.604240e-02
1.383735e-01 -3.327707e-02 2.679420e-02
1.287525e-01 5.244166e-02 2.601968e-02
1.862146e-01 1.247053e-01 -2.219502e-02
