-2.620179e-01 2.074979e-03 2.469682e-02
-1.981760e-01 5.024355e-03 3.069597e-02
-3.836010e-03 1.116010e-02 1.128521e-01
5.028150e-02 6.844206e-03 4.834266e-02
1.503992e-01 6.009921e-03 4.228759e-02
2.313631e-01 7.307364e-03 1.375350e-02
4.045263e-01 8.201080e-03 -6.749192e-02
-1.845788e-01 -1.296704e-01 -3.723413e-02
-1.811876e-01 1.123560e-01 -3.675326e-02
-1.785296e-01 -2.010387e-01 -2.092926e-02
-1.977258e-01 -2.546254e-01 -4.691742e-02
-1.672647e-01 1.892955e-01 -2.290517e-02
-1.839817e-01 2.502915e-01 -3.604544e-02
-3.386769e-03 -1.009344e-01 -9.859291e-03
2.768998e-02 -5.810641e-02 1.738408e-02
2.536300e-02 6.574483e-02 2.208413e-02
-1.154326e-02 1.004825e-01 1.430846e-02
1.973779e-01 -1.401480e-01 -5.954634e-02
1.436661e-01 -2.944183e-02 3.719670e-02
1.453197e-01 3.306914e-02 3.868355e-02
1.962415e-01 1.161036e-01 -6.460332e-02
