-2.535230e-01 -5.082653e-03 6.181512e-02
-1.899728e-01 -5.176026e-03 6.980992e-02
-1.741711e-03 7.658477e-04 1.310508e-01
4.767389e-02 -1.442960e-03 5.872838e-02
1.323091e-01 -6.092976e-04 4.847443e-02
2.425995e-01 2.927587e-03 3.418244e-02
4.307260e-01 9.260164e-03 -1.034438e-01
-1.867631e-01 -1.029759e-01 -4.140680e-02
-1.896820e-01 1.078319e-01 -4.828045e-02
-1.713287e-01 -1.746230e-01 -4.083950e-02
-1.943595e-01 -2.369618e-01 -6.846030e-02
-1.692326e-01 1.804481e-01 -4.431194e-02
-1.853858e-01 2.383174e-01 -6.396768e-02
-3.200303e-03 -1.089929e-01 -7.330646e-03
1.973038e-02 -7.242099e-02 1.308048e-02
2.306076e-02 6.793438e-02 1.090511e-02
-1.312661e-03 1.057874e-01 1.439536e-03
1.944949e-01 -1.303983e-01 -4.704635e-02
1.386541e-01 -2.111446e-02 4.885059e-02
1.329501e-01 2.671203e-02 4.571656e-02
1.843034e-01 1.198134e-01 -5.896598e-02
