-2.608932e-01 2.104796e-03 3.834855e-02
-1.821937e-01 3.672568e-03 4.890440e-02
1.129216e-03 4.503019e-03 1.048826e-01
5.330676e-02 6.746085e-03 4.114822e-02
1.357018e-01 -6.252159e-04 6.205728e-02
2.742069e-01 1.018688e-03 2.468678e-02
3.990234e-01 4.322185e-03 -8.580862e-02
-1.925944e-01 -1.131653e-01 -2.941154e-02
-1.867459e-01 1.122489e-01 -1.907666e-02
-1.748293e-01 -1.940933e-01 -3.126913e-02
-2.017481e-01 -2.378921e-01 -6.482867e-02
-1.772410e-01 1.802889e-01 -2.629072e-02
-2.021577e-01 2.312413e-01 -5.449129e-02
-8.713003e-03 -9.846813e-02 -7.729910e-03
3.011997e-02 -6.119348e-02 7.710123e-03
3.480730e-02 6.075859e-02 1.248239e-02
-7.743322e-04 1.097198e-01 -3.446273e-02
2.003930e-01 -1.374064e-01 -4.886245e-02
1.305819e-01 -3.243852e-02 5.577006e-02
1.278134e-01 2.767808e-02 5.754838e-02
2.008072e-01 1.309795e-01 -5.130704e-02
