-2.627984e-01 -5.228176e-03 7.828675e-02
-1.881585e-01 -7.905874e-05 5.117943e-02
3.480187e-03 4.688475e-03 1.107168e-01
5.325979e-02 5.286590e-03 5.506253e-02
1.438155e-01 1.329540e-03 1.982778e-02
2.133065e-01 -4.591576e-03 -8.325826e-04
3.995353e-01 -5.899156e-03 -4.723400e-02
-1.774557e-01 -1.114276e-01 -5.231916e-02
-1.821505e-01 1.140367e-01 -4.507881e-02
-1.695424e-01 -2.094151e-01 -4.374151e-02
-1.932908e-01 -2.586454e-01 -7.231505e-02
-1.717971e-01 1.907470e-01 -3.929600e-02
-2.020899e-01 2.670340e-01 -7.480708e-02
4.254628e-03 -9.424790e-02 4.415067e-02
4.325153e-02 -5.882931e-02 2.709566e-02
4.549715e-02 5.556434e-02 3.232739e-02
1.508775e-02 1.053432e-01 3.167508e-02
1.746957e-01 -1.331936e-01 -5.847963e-02
1.358415e-01 -3.010603e-02 2.279646e-02
1.344446e-01 2.068449e-02 2.137641e-02
1.808132e-01 1.469485e-01 -6.039115e-02
