-2.437037e-01 3.787617e-04 7.133752e-02
-1.744327e-01 -6.091098e-03 4.574414e-02
1.747671e-02 -2.758388e-02 8.275491e-02
6.039290e-02 -8.024397e-03 3.825209e-02
1.231919e-01 1.876543e-03 3.379871e-02
2.203346e-01 3.547419e-03 2.772005e-02
3.677982e-01 7.438276e-04 -4.929622e-02
-1.667669e-01 -1.375061e-01 -3.596541e-02
-1.799549e-01 1.447167e-01 -3.663389e-02
-1.648045e-01 -2.378155e-01 -2.947499e-02
-1.879182e-01 -2.890482e-01 -5.878437e-02
-1.598300e-01 2.322617e-01 -2.729573e-02
-1.886183e-01 2.974577e-01 -7.009180e-02
3.859564e-03 -1.183688e-01 5.397541e-03
4.254143e-02 -5.894638e-02 2.775456e-02
3.657183e-02 7.141684e-02 1.958268e-02
9.109121e-03 1.282365e-01 -3.607141e-03
1.785839e-01 -1.514483e-01 -4.841161e-02
1.165423e-01 -4.737111e-02 2.751205e-02
1.159064e-01 5.368054e-02 2.860309e-02
1.737204e-01 1.478873e-01 -4.889619e-02
