-2.737761e-01 -1.032193e-02 7.498301e-02
-1.922274e-01 -4.204589e-03 3.804028e-02
-8.363967e-03 -8.851511e-03 1.093230e-01
4.989257e-02 -2.853988e-03 5.179219e-02
1.445654e-01 2.768954e-03 4.419053e-02
2.329984e-01 8.983528e-03 1.183465e-02
3.945627e-01 3.656003e-03 -1.181623e-01
-1.816337e-01 -1.115830e-01 -4.417711e-02
-1.791845e-01 1.073388e-01 -4.815417e-02
-1.647601e-01 -2.021448e-01 -3.764741e-02
-1.909923e-01 -2.775202e-01 -7.526560e-02
-1.508842e-01 2.071314e-01 -2.703031e-02
-1.830424e-01 2.788847e-01 -7.155200e-02
5.570384e-03 -1.029748e-01 2.094176e-02
4.127306e-02 -5.862107e-02 2.641859e-02
4.109399e-02 5.623991e-02 2.265562e-02
7.881354e-03 1.125617e-01 -1.434920e-02
1.761749e-01 -1.046726e-01 -1.975318e-02
1.285209e-01 -3.666282e-02 4.155151e-02
1.235695e-01 3.895369e-02 4.129027e-02
1.787616e-01 1.038927e-01 -2.693011e-02
