-2.847081e-01 1.694897e-03 5.460582e-02
-1.764052e-01 6.041217e-03 4.044950e-02
-1.131304e-02 -6.549476e-03 1.015022e-01
3.906599e-02 -8.844274e-04 4.888374e-02
1.411369e-01 1.665041e-03 6.103758e-02
2.236236e-01 -2.525541e-03 1.080556e-02
4.246927e-01 -2.723276e-03 -1.397310e-01
-1.785882e-01 -1.128897e-01 -3.914605e-02
-1.843198e-01 1.100278e-01 -3.884183e-02
-1.582874e-01 -1.939283e-01 -4.471535e-02
-1.852400e-01 -2.517616e-01 -6.122273e-02
-1.627934e-01 1.985612e-01 -4.522575e-02
-1.931951e-01 2.483971e-01 -6.673945e-02
5.797182e-03 -1.040474e-01 9.254271e-03
2.749370e-02 -6.273731e-02 3.348734e-02
3.021547e-02 6.145814e-02 3.406098e-02
-3.494251e-03 1.083140e-01 1.340087e-02
1.929811e-01 -9.900143e-02 -4.500001e-02
1.289004e-01 -3.352445e-02 5.382910e-02
1.323725e-01 3.634503e-02 5.496190e-02
1.920650e-01 9.806836e-02 -3.565672e-02
