-2.830627e-01 2.210633e-03 6.612694e-02
-1.825125e-01 -1.156331e-03 3.391819e-02
-2.466736e-02 -1.761172e-03 9.166871e-02
4.310122e-02 9.949374e-04 5.144950e-02
1.243029e-01 -4.108005e-03 7.436415e-02
2.499040e-01 7.392873e-03 -1.608572e-02
3.937304e-01 9.810210e-03 -1.336423e-01
-1.722645e-01 -1.017575e-01 -4.555295e-02
-1.790917e-01 1.101682e-01 -4.197232e-02
-1.588165e-01 -1.965194e-01 -3.460064e-02
-1.883316e-01 -2.571122e-01 -6.693174e-02
-1.556507e-01 1.907845e-01 -3.288902e-02
-1.874910e-01 2.521059e-01 -6.716451e-02
-7.265246e-03 -1.100679e-01 1.177563e-02
3.593085e-02 -7.092622e-02 2.457711e-02
4.000219e-02 6.611101e-02 2.690922e-02
4.402831e-03 1.120076e-01 6.563387e-03
2.017441e-01 -1.314780e-01 -3.314634e-02
1.234369e-01 -4.604713e-02 6.198866e-02
1.186316e-01 4.406023e-02 6.285368e-02
2.039667e-01 1.252878e-01 -4.020961e-02
