-2.686405e-01 5.590793e-03 6.088442e-02
-2.012442e-01 2.111741e-03 4.947523e-02
2.838473e-03 1.090033e-03 1.317411e-01
5.696398e-02 -1.584485e-03 6.084624e-02
1.453399e-01 6.351883e-03 4.782633e-02
2.495754e-01 5.463705e-03 1.786839e-04
3.724088e-01 1.764556e-03 -1.131915e-01
-1.886125e-01 -1.067917e-01 -5.057038e-02
-1.829507e-01 1.101213e-01 -6.269844e-02
-1.721718e-01 -1.942861e-01 -5.453871e-02
-2.038438e-01 -2.454990e-01 -8.032546e-02
-1.690435e-01 1.797932e-01 -5.547058e-02
-1.965273e-01 2.348375e-01 -7.431512e-02
1.014192e-02 -9.022740e-02 3.006705e-02
4.335677e-02 -5.562079e-02 3.305840e-02
4.642893e-02 5.402634e-02 3.520627e-02
8.777021e-03 9.318798e-02 4.836380e-02
1.818026e-01 -1.396919e-01 -4.788029e-02
1.464993e-01 -2.342158e-02 4.439710e-02
1.422601e-01 2.778895e-02 4.512972e-02
1.766411e-01 1.349950e-01 -4.818384e-02
