-2.976372e-01 -2.894375e-03 7.109606e-02
-2.024642e-01 -7.384332e-03 4.536880e-02
2.665277e-03 -2.818348e-04 1.107620e-01
5.708597e-02 -1.792001e-03 6.473704e-02
1.388716e-01 2.555683e-03 5.002661e-02
2.285098e-01 3.634578e-03 -1.024249e-03
3.860940e-01 -3.699001e-03 -9.153989e-02
-1.848484e-01 -1.062000e-01 -5.075675e-02
-1.839113e-01 1.131154e-01 -6.181693e-02
-1.686625e-01 -1.903331e-01 -4.175738e-02
-1.966941e-01 -2.511144e-01 -7.281535e-02
-1.612220e-01 1.799486e-01 -3.332461e-02
-1.923952e-01 2.446914e-01 -6.980146e-02
1.172093e-02 -9.160294e-02 1.927114e-02
4.607619e-02 -5.324993e-02 3.185244e-02
4.569647e-02 5.806098e-02 3.247519e-02
2.153701e-02 9.803204e-02 2.270488e-02
1.856104e-01 -1.200015e-01 -5.422778e-02
1.429646e-01 -3.110361e-02 4.605502e-02
1.377162e-01 3.786492e-02 4.444583e-02
1.832864e-01 1.217535e-01 -6.173064e-02
