-2.815975e-01 -2.261600e-03 7.751067e-02
-1.591599e-01 -3.249343e-03 4.708418e-02
-1.453893e-02 3.808536e-03 1.298511e-01
5.817565e-02 1.152770e-03 6.020579e-02
1.414994e-01 -2.255204e-03 3.857393e-02
2.124035e-01 -3.950276e-03 -1.089820e-02
3.553410e-01 1.804197e-03 -7.382741e-02
-1.940987e-01 -1.075699e-01 -4.187177e-02
-1.950601e-01 1.104678e-01 -5.025268e-02
-1.604664e-01 -2.065337e-01 -3.678145e-02
-1.919377e-01 -2.802375e-01 -8.237617e-02
-1.599395e-01 2.035785e-01 -4.237523e-02
-1.976845e-01 2.805346e-01 -9.026561e-02
2.380864e-02 -1.036566e-01 -9.779693e-04
5.807459e-02 -5.373708e-02 2.854567e-02
5.869325e-02 5.442999e-02 3.342892e-02
2.336961e-02 1.104982e-01 3.643948e-02
1.768705e-01 -1.280636e-01 -4.076396e-02
1.336392e-01 -4.634826e-02 3.048222e-02
1.347349e-01 3.892609e-02 3.509093e-02
1.778731e-01 1.326623e-01 -4.682245e-02
