-3.085507e-01 -5.576111e-03 7.205604e-02
-1.935719e-01 7.577644e-04 3.209305e-02
-6.615744e-03 1.744053e-03 1.080355e-01
5.504885e-02 -5.788887e-04 4.072355e-02
1.350663e-01 1.472525e-03 4.881146e-02
2.425589e-01 3.617933e-03 -7.154454e-03
3.806721e-01 7.814771e-03 -7.104470e-02
-1.869696e-01 -9.335642e-02 -3.911840e-02
-1.910158e-01 9.163825e-02 -3.090036e-02
-1.585669e-01 -1.785313e-01 -2.100776e-02
-1.929964e-01 -2.544482e-01 -7.352832e-02
-1.654360e-01 1.952127e-01 -2.645808e-02
-1.908764e-01 2.533789e-01 -7.282736e-02
1.027511e-02 -1.072475e-01 7.542977e-03
5.085550e-02 -6.703015e-02 1.674535e-02
5.158522e-02 5.803695e-02 1.843716e-02
1.749244e-02 1.116675e-01 6.920342e-03
2.007303e-01 -1.382323e-01 -4.569689e-02
1.337251e-01 -4.028064e-02 4.233706e-02
1.315994e-01 4.288213e-02 4.110602e-02
1.849902e-01 1.170580e-01 -4.707220e-02
