-2.920841e-01 4.148476e-04 7.266295e-02
-1.901019e-01 -6.851936e-03 3.531215e-02
-2.357745e-02 2.823353e-03 1.055995e-01
4.762941e-02 -2.102504e-03 3.640694e-02
1.326842e-01 -2.597985e-04 6.375974e-02
2.188780e-01 -3.681645e-03 9.002422e-04
3.941910e-01 9.265455e-03 -1.126507e-01
-1.854151e-01 -9.960726e-02 -4.187556e-02
-1.828058e-01 1.014315e-01 -3.765878e-02
-1.727172e-01 -1.867671e-01 -2.413457e-02
-1.883333e-01 -2.641140e-01 -7.376428e-02
-1.647233e-01 1.964226e-01 -3.133385e-02
-1.858091e-01 2.528112e-01 -8.200775e-02
2.058980e-02 -1.001885e-01 6.980751e-04
4.847045e-02 -5.198822e-02 2.451105e-02
5.154193e-02 4.851120e-02 2.376444e-02
1.611525e-02 1.021731e-01 2.288914e-02
1.979790e-01 -1.182037e-01 -4.857928e-02
1.333934e-01 -4.083933e-02 5.333698e-02
1.251229e-01 4.897831e-02 5.402576e-02
1.989718e-01 1.117723e-01 -4.186221e-02
