-2.912877e-01 1.977679e-03 7.731988e-02
-1.859928e-01 2.026647e-04 2.831879e-02
-2.948719e-02 3.956035e-03 9.979694e-02
3.985164e-02 -1.353789e-03 3.815557e-02
1.253700e-01 -2.926342e-03 5.398812e-02
2.523618e-01 7.279615e-04 -8.812529e-05
3.912704e-01 1.979516e-03 -8.056411e-02
-1.732462e-01 -1.078251e-01 -2.971442e-02
-1.794049e-01 1.121067e-01 -3.197616e-02
-1.596102e-01 -2.024013e-01 -2.082977e-02
-1.852758e-01 -2.770122e-01 -6.982779e-02
-1.552335e-01 1.999435e-01 -1.485442e-02
-1.894329e-01 2.654391e-01 -7.666911e-02
6.908508e-03 -9.800035e-02 -9.923396e-04
4.176200e-02 -5.180124e-02 1.141141e-02
4.335882e-02 4.796241e-02 1.982557e-02
1.484686e-02 1.066339e-01 3.847293e-03
1.870232e-01 -1.201636e-01 -4.581326e-02
1.304868e-01 -4.717828e-02 3.865904e-02
1.282824e-01 4.074723e-02 4.696564e-02
1.874489e-01 1.269854e-01 -4.695877e-02
