-2.686628e-01 1.220629e-03 5.502469e-02
-1.577574e-01 -8.982519e-03 3.147110e-02
-2.231981e-02 -3.063932e-03 1.016447e-01
3.270807e-02 1.015781e-03 5.068330e-02
1.288692e-01 4.230492e-04 6.306123e-02
2.345103e-01 2.737859e-03 -2.040683e-03
4.067606e-01 4.159458e-03 -1.081775e-01
-1.790128e-01 -1.139945e-01 -3.979691e-02
-1.758528e-01 1.079320e-01 -3.300744e-02
-1.650733e-01 -2.029048e-01 -3.004244e-02
-1.967585e-01 -2.662954e-01 -6.668338e-02
-1.656818e-01 2.095015e-01 -3.367427e-02
-1.889628e-01 2.623768e-01 -6.913000e-02
-3.766426e-03 -1.015993e-01 1.403189e-02
3.024369e-02 -5.351499e-02 2.958098e-02
3.285264e-02 5.226932e-02 2.814509e-02
1.010701e-02 1.086573e-01 1.059207e-02
1.977668e-01 -1.152297e-01 -5.663317e-02
1.289757e-01 -4.189776e-02 5.417415e-02
1.312618e-01 4.076561e-02 5.680102e-02
1.897927e-01 1.164237e-01 -5.602444e-02
