-2.723907e-01 7.418887e-03 7.429751e-02
-1.824028e-01 1.838332e-04 4.153253e-02
-7.071033e-03 -1.124283e-03 1.115887e-01
5.322442e-02 -5.690009e-04 3.574807e-02
1.428140e-01 -5.441768e-03 4.080730e-02
2.413003e-01 1.009476e-03 4.158507e-03
3.580643e-01 2.433674e-02 -6.907716e-02
-1.867176e-01 -1.089454e-01 -3.215047e-02
-1.899800e-01 1.155722e-01 -5.698497e-02
-1.543627e-01 -2.017894e-01 -2.724755e-02
-1.920553e-01 -2.788928e-01 -7.539562e-02
-1.631554e-01 2.130409e-01 -3.334557e-02
-1.993098e-01 2.706276e-01 -7.910768e-02
9.812336e-03 -1.080248e-01 1.300666e-02
4.468316e-02 -5.839682e-02 2.323676e-02
5.603694e-02 4.216434e-02 3.516096e-02
1.209478e-02 1.091320e-01 1.399202e-02
1.684832e-01 -1.385533e-01 -4.962832e-02
1.371568e-01 -5.082241e-02 3.234509e-02
1.356958e-01 4.276982e-02 3.299609e-02
1.880793e-01 1.263042e-01 -3.593283e-02
