-2.960470e-01 4.379607e-03 9.034181e-02
-1.864246e-01 -6.203940e-03 4.080681e-02
-4.290974e-02 -2.203775e-03 1.078865e-01
4.735740e-02 7.294488e-05 4.718324e-02
1.468076e-01 4.032997e-03 5.135754e-02
1.994599e-01 7.926350e-03 -3.324122e-02
3.626987e-01 -1.613713e-03 -7.797967e-02
-1.778569e-01 -1.212862e-01 -4.037666e-02
-1.902511e-01 1.256497e-01 -4.420698e-02
-1.452268e-01 -2.114704e-01 -3.655048e-02
-1.811891e-01 -2.846369e-01 -7.523401e-02
-1.437428e-01 2.187747e-01 -4.040579e-02
-1.798966e-01 2.773641e-01 -7.490710e-02
-1.865715e-03 -1.076937e-01 9.223440e-03
4.818634e-02 -5.331180e-02 2.928705e-02
4.773849e-02 4.713858e-02 3.188301e-02
4.671059e-03 9.947198e-02 2.132031e-02
1.936761e-01 -1.078234e-01 -3.616749e-02
1.523816e-01 -4.388619e-02 3.323110e-02
1.525006e-01 4.613328e-02 3.636164e-02
1.899324e-01 1.091858e-01 -3.981303e-02
