-2.825760e-01 -8.103929e-04 8.431676e-02
-1.730070e-01 -8.820127e-03 4.302640e-02
-3.137795e-02 -1.226206e-03 1.121811e-01
3.347756e-02 -2.819129e-03 3.693467e-02
1.541545e-01 3.202752e-03 6.380321e-02
2.286177e-01 2.979820e-03 7.081036e-03
3.840839e-01 -5.367588e-03 -1.110038e-01
-1.720144e-01 -1.045511e-01 -2.569564e-02
-1.774200e-01 1.098424e-01 -4.189099e-02
-1.398673e-01 -1.883812e-01 -3.900593e-02
-1.847601e-01 -2.728095e-01 -7.641409e-02
-1.529450e-01 2.099810e-01 -4.219548e-02
-1.922425e-01 2.765801e-01 -7.501578e-02
-1.145680e-02 -1.108019e-01 -5.499264e-03
4.314389e-02 -6.075534e-02 2.137804e-02
3.615043e-02 5.500531e-02 2.700342e-02
-1.749814e-02 1.075956e-01 -5.871553e-03
1.972832e-01 -1.240193e-01 -4.301915e-02
1.402427e-01 -4.827538e-02 5.413332e-02
1.351432e-01 4.550688e-02 5.566281e-02
1.828682e-01 1.179432e-01 -3.990907e-02
