-3.250629e-01 2.317909e-03 7.455528e-02
-1.614062e-01 -5.390911e-03 3.411546e-02
-2.568827e-02 -6.886625e-03 7.885886e-02
5.365818e-02 2.875195e-03 4.260986e-02
1.543695e-01 5.384010e-03 4.818761e-02
2.245624e-01 4.683763e-03 1.126265e-03
3.540418e-01 -1.078061e-03 -9.486187e-02
-1.738816e-01 -1.074562e-01 -2.710864e-02
-1.779181e-01 1.132940e-01 -2.942376e-02
-1.610465e-01 -2.050003e-01 -3.406170e-02
-1.939022e-01 -2.712106e-01 -7.688900e-02
-1.715625e-01 2.030078e-01 -3.883978e-02
-1.919437e-01 2.777971e-01 -7.213526e-02
1.830782e-02 -1.045633e-01 -1.467876e-03
5.183729e-02 -6.285933e-02 2.302816e-02
5.259946e-02 5.790898e-02 2.886731e-02
1.689079e-02 1.012649e-01 6.709569e-03
1.846062e-01 -1.319303e-01 -1.657871e-02
1.474302e-01 -4.242827e-02 4.197080e-02
1.496421e-01 4.796804e-02 4.073656e-02
1.744663e-01 1.223021e-01 -2.939915e-02
