-2.747021e-01 1.888657e-03 7.071041e-02
-1.524823e-01 -1.107606e-03 3.669369e-02
1.202078e-03 -2.709603e-03 1.095598e-01
5.897127e-02 -1.206825e-03 3.936936e-02
1.335211e-01 -4.722870e-07 6.425712e-02
2.074210e-01 6.067388e-03 -2.814965e-02
3.621410e-01 5.393948e-03 -9.443444e-02
-1.862071e-01 -1.065669e-01 -4.185053e-02
-1.815177e-01 1.063002e-01 -4.498034e-02
-1.753121e-01 -2.036934e-01 -4.115876e-02
-2.115641e-01 -2.680742e-01 -7.134215e-02
-1.696257e-01 2.018642e-01 -5.412846e-02
-2.225136e-01 2.829092e-01 -8.406418e-02
2.039238e-02 -1.076153e-01 5.253849e-03
5.535889e-02 -6.523721e-02 2.097103e-02
5.152116e-02 5.955096e-02 2.149357e-02
3.005187e-02 1.098666e-01 3.395640e-02
1.960014e-01 -1.176869e-01 -2.534125e-02
1.497291e-01 -4.819259e-02 4.505242e-02
1.364833e-01 3.497566e-02 5.854434e-02
1.711300e-01 1.132742e-01 -2.041226e-02
