-2.902479e-01 -3.336589e-03 7.225198e-02
-1.666078e-01 -4.465152e-03 3.206949e-02
-4.993938e-03 -8.366662e-04 1.093355e-01
5.143216e-02 -1.348254e-03 4.387234e-02
1.295620e-01 -1.602872e-03 5.379164e-02
2.181796e-01 3.921434e-03 -7.443941e-03
3.604599e-01 4.891347e-03 -7.472412e-02
-1.893604e-01 -1.100001e-01 -4.074176e-02
-1.775910e-01 1.184116e-01 -3.645673e-02
-1.488734e-01 -2.079297e-01 -2.704132e-02
-1.798409e-01 -2.895992e-01 -6.040961e-02
-1.470468e-01 2.235493e-01 -2.683518e-02
-1.923731e-01 2.877009e-01 -7.724773e-02
3.457592e-03 -1.185802e-01 -2.272513e-03
4.729510e-02 -6.210429e-02 1.896510e-02
4.691090e-02 5.690420e-02 2.274648e-02
1.110788e-02 1.151515e-01 -3.290153e-03
1.921210e-01 -1.357442e-01 -5.138036e-02
1.326719e-01 -5.030805e-02 4.625672e-02
1.284712e-01 4.079873e-02 4.968488e-02
1.752662e-01 1.345262e-01 -4.113076e-02
