-2.818479e-01 -8.213193e-03 8.483736e-02
-1.718063e-01 -1.122693e-02 3.850130e-02
-3.475061e-02 -2.007135e-03 1.080969e-01
5.653094e-02 1.475675e-04 5.670364e-02
1.430409e-01 -2.270581e-04 6.222551e-02
2.037388e-01 6.831381e-03 -1.069441e-02
3.744745e-01 -1.346378e-03 -1.352262e-01
-1.653540e-01 -1.190950e-01 -4.063333e-02
-1.796307e-01 1.230209e-01 -5.277610e-02
-1.516933e-01 -1.960484e-01 -4.695703e-02
-1.826109e-01 -2.645252e-01 -7.167628e-02
-1.582348e-01 2.053310e-01 -5.686576e-02
-1.885783e-01 2.864824e-01 -8.676983e-02
-1.032695e-03 -1.079085e-01 7.763691e-03
4.907979e-02 -6.268661e-02 3.711089e-02
4.534080e-02 5.524002e-02 4.025749e-02
8.419402e-03 1.114114e-01 2.938518e-02
1.964349e-01 -1.373988e-01 -4.676061e-02
1.327530e-01 -4.242050e-02 5.370471e-02
1.277168e-01 4.632965e-02 5.732841e-02
1.780095e-01 1.183094e-01 -2.755555e-02
