-3.053281e-01 -7.482650e-03 6.539755e-02
-1.955797e-01 4.617970e-04 2.970784e-02
-1.825873e-02 -1.080895e-03 9.052187e-02
6.466501e-02 1.688016e-03 3.839924e-02
1.499237e-01 6.614131e-04 3.595597e-02
2.365194e-01 3.851706e-06 1.643891e-02
3.712054e-01 8.314121e-03 -6.601071e-02
-1.958129e-01 -1.040507e-01 -2.884464e-02
-1.912565e-01 1.060276e-01 -3.724403e-02
-1.661585e-01 -1.922113e-01 -2.283779e-02
-1.889188e-01 -2.592922e-01 -6.131698e-02
-1.610533e-01 2.067353e-01 -3.491566e-02
-1.993026e-01 2.623909e-01 -6.752741e-02
2.173519e-02 -9.458169e-02 5.029843e-03
5.703007e-02 -5.609704e-02 1.184808e-02
5.501641e-02 5.070113e-02 2.369926e-02
1.856303e-02 9.527008e-02 2.941581e-02
1.878659e-01 -1.302366e-01 -4.077797e-02
1.388374e-01 -4.271903e-02 2.780122e-02
1.445621e-01 3.327325e-02 3.135101e-02
1.757455e-01 1.222248e-01 -4.609140e-02
