-2.951317e-01 -2.775048e-03 6.741457e-02
-1.957880e-01 3.379106e-03 3.272119e-02
-1.734383e-02 2.460342e-03 1.188921e-01
5.550320e-02 2.486657e-03 5.198516e-02
1.454906e-01 -6.176340e-03 4.155765e-02
2.299590e-01 4.074275e-04 -7.469790e-03
3.894687e-01 4.060193e-03 -8.176812e-02
-1.779781e-01 -9.405246e-02 -3.523102e-02
-1.839665e-01 1.138424e-01 -4.796823e-02
-1.600210e-01 -1.934674e-01 -3.131711e-02
-1.903111e-01 -2.739084e-01 -6.826331e-02
-1.602430e-01 2.003376e-01 -3.492345e-02
-1.992686e-01 2.563752e-01 -6.945016e-02
1.234515e-02 -9.370927e-02 6.659367e-03
5.280062e-02 -5.198498e-02 3.422465e-02
5.122937e-02 4.725505e-02 3.818820e-02
1.222138e-02 1.014591e-01 4.401646e-03
1.849336e-01 -1.117500e-01 -5.463817e-02
1.380907e-01 -4.501179e-02 3.557925e-02
1.348971e-01 3.104523e-02 4.253520e-02
1.731123e-01 1.097274e-01 -4.312960e-02
