-2.795875e-01 -6.859561e-03 7.050430e-02
-2.013445e-01 -2.006500e-04 3.171967e-02
-1.354413e-02 -1.629992e-03 1.053565e-01
3.923684e-02 2.359922e-03 3.494788e-02
1.454568e-01 9.882209e-04 4.857265e-02
2.439832e-01 -4.127699e-04 -2.824979e-02
4.018925e-01 -9.104586e-03 -8.311098e-02
-1.841509e-01 -8.946211e-02 -4.105670e-02
-1.898692e-01 1.032038e-01 -4.461509e-02
-1.560740e-01 -1.846212e-01 -2.201371e-02
-1.862850e-01 -2.647526e-01 -6.315074e-02
-1.700284e-01 1.947416e-01 -3.164240e-02
-2.126419e-01 2.634702e-01 -6.795938e-02
-2.016557e-03 -8.971098e-02 5.206501e-03
4.723919e-02 -4.637527e-02 1.147571e-02
4.625067e-02 4.935883e-02 2.027021e-02
6.773636e-03 9.465248e-02 2.298378e-02
2.026427e-01 -1.108059e-01 -3.569026e-02
1.320903e-01 -3.278349e-02 4.235534e-02
1.361028e-01 3.866274e-02 4.456559e-02
1.938734e-01 8.928121e-02 -2.046911e-02
