-2.936224e-01 3.915445e-03 7.651188e-02
-2.112833e-01 -3.499362e-03 4.807998e-02
1.308062e-02 -1.276905e-03 1.346503e-01
6.896392e-02 -6.532715e-03 5.823279e-02
1.475654e-01 5.000457e-04 4.494222e-02
2.287078e-01 -4.902396e-03 -9.356157e-03
3.870407e-01 -4.765991e-03 -7.851449e-02
-1.890831e-01 -9.867660e-02 -5.931406e-02
-1.884842e-01 9.539219e-02 -6.215018e-02
-1.737356e-01 -1.763325e-01 -4.106579e-02
-1.975844e-01 -2.362334e-01 -7.288511e-02
-1.808910e-01 1.776483e-01 -4.794845e-02
-2.065994e-01 2.371564e-01 -6.954263e-02
2.134291e-02 -9.647158e-02 1.506976e-02
5.581609e-02 -5.347948e-02 3.277211e-02
5.258782e-02 5.157527e-02 3.251331e-02
2.482905e-02 9.935110e-02 1.749584e-02
1.763856e-01 -1.109796e-01 -4.894731e-02
1.403627e-01 -3.522307e-02 3.962124e-02
1.421058e-01 3.759035e-02 3.901683e-02
1.824951e-01 1.252445e-01 -4.918214e-02
