-2.830312e-01 5.834892e-03 6.331309e-02
-1.946662e-01 8.643861e-04 3.480939e-02
-9.852965e-03 1.231961e-03 1.286570e-01
6.245388e-02 -2.723515e-03 5.245241e-02
1.427049e-01 4.993240e-03 4.438362e-02
2.278318e-01 -2.003309e-03 -1.744134e-03
3.787032e-01 1.781782e-03 -8.670662e-02
-1.722268e-01 -1.077780e-01 -4.488421e-02
-1.725368e-01 1.111079e-01 -4.781825e-02
-1.603896e-01 -2.035771e-01 -3.233693e-02
-1.924051e-01 -2.705575e-01 -8.171843e-02
-1.637939e-01 1.983435e-01 -3.786830e-02
-1.917614e-01 2.634216e-01 -6.767541e-02
1.352627e-02 -9.799133e-02 1.631369e-02
4.567211e-02 -6.074934e-02 3.742399e-02
4.947802e-02 4.705040e-02 4.286234e-02
2.353122e-02 1.053581e-01 1.951574e-02
1.748362e-01 -1.435579e-01 -4.874052e-02
1.324554e-01 -3.418758e-02 3.888210e-02
1.277185e-01 3.608360e-02 3.807751e-02
1.617524e-01 1.470543e-01 -6.719801e-02
