-2.715958e-01 -1.542071e-02 6.972647e-02
-1.845021e-01 -4.603518e-03 3.250263e-02
-2.198205e-02 -5.836851e-03 7.569517e-02
3.441547e-02 -7.841799e-04 4.057430e-02
1.507531e-01 1.880720e-03 4.806523e-02
2.512703e-01 3.402979e-03 3.888617e-03
4.035179e-01 9.466991e-04 -8.736548e-02
-1.878578e-01 -1.048200e-01 -4.627526e-02
-1.905541e-01 1.143330e-01 -4.256607e-02
-1.735430e-01 -1.849529e-01 -3.213226e-02
-2.089755e-01 -2.452614e-01 -4.695727e-02
-1.663852e-01 1.811311e-01 -3.689481e-02
-2.002194e-01 2.476227e-01 -5.752325e-02
4.989841e-03 -1.010660e-01 8.586288e-03
4.055749e-02 -5.296611e-02 1.793319e-02
3.218205e-02 5.799200e-02 1.860545e-02
1.098402e-02 1.110929e-01 1.611735e-02
1.940586e-01 -1.223484e-01 -2.865471e-02
1.460200e-01 -4.437062e-02 3.494848e-02
1.441042e-01 3.822242e-02 4.330173e-02
1.927618e-01 1.258061e-01 -3.157579e-02
