-2.916218e-01 3.959363e-03 7.463998e-02
-1.687691e-01 3.092024e-03 5.418245e-02
-1.217878e-02 -3.863837e-03 1.368791e-01
5.879751e-02 -4.019547e-03 6.817301e-02
1.473692e-01 2.241012e-03 4.697232e-02
2.262096e-01 -5.421515e-03 -1.203017e-02
3.892054e-01 1.187048e-03 -8.401583e-02
-1.796300e-01 -9.393227e-02 -5.359901e-02
-1.896666e-01 9.248084e-02 -6.093685e-02
-1.721405e-01 -1.792937e-01 -3.546607e-02
-1.997889e-01 -2.539795e-01 -8.044707e-02
-1.776807e-01 1.801411e-01 -4.093412e-02
-2.092400e-01 2.564834e-01 -8.419735e-02
1.519569e-02 -9.731913e-02 1.121329e-02
6.467185e-02 -5.445118e-02 2.455726e-02
5.862173e-02 5.442900e-02 2.747502e-02
2.221778e-02 9.923826e-02 2.117423e-02
1.739611e-01 -1.267603e-01 -5.152518e-02
1.401441e-01 -3.852710e-02 3.822933e-02
1.347437e-01 4.090626e-02 4.025251e-02
1.695787e-01 1.234097e-01 -4.059685e-02
