-2.825510e-01 -8.186245e-03 8.262406e-02
-1.984177e-01 -7.764505e-03 4.533717e-02
-1.046745e-02 -4.472391e-03 1.120874e-01
5.240537e-02 -1.589579e-03 4.170131e-02
1.386369e-01 -8.716030e-04 5.463338e-02
2.056719e-01 -3.497556e-03 1.674975e-03
3.757869e-01 2.507695e-04 -1.000770e-01
-1.713003e-01 -1.077034e-01 -3.833558e-02
-1.920528e-01 1.167592e-01 -4.815619e-02
-1.554519e-01 -1.998392e-01 -3.206628e-02
-1.870758e-01 -2.654633e-01 -8.101258e-02
-1.634126e-01 2.116809e-01 -4.484157e-02
-1.921858e-01 2.791609e-01 -8.651866e-02
1.758589e-02 -9.616989e-02 3.084830e-03
5.188532e-02 -4.852584e-02 2.697620e-02
4.597119e-02 4.937439e-02 2.656156e-02
1.361018e-02 9.188860e-02 2.845009e-02
1.835868e-01 -1.189158e-01 -3.737721e-02
1.440712e-01 -4.500235e-02 4.512525e-02
1.439206e-01 4.502006e-02 4.334528e-02
1.797832e-01 1.138668e-01 -4.321639e-02
