-2.722231e-01 -3.055932e-03 5.847505e-02
-1.885568e-01 -9.456965e-04 5.701539e-02
1.448790e-02 5.211103e-04 1.510459e-01
6.963615e-02 2.142754e-03 7.196112e-02
1.398984e-01 -1.257842e-03 5.005547e-02
2.305674e-01 3.463740e-03 9.663458e-04
3.999555e-01 3.354529e-03 -8.732389e-02
-1.901019e-01 -9.465347e-02 -5.266426e-02
-1.870666e-01 9.257161e-02 -5.029181e-02
-1.696912e-01 -1.847937e-01 -4.749264e-02
-1.897156e-01 -2.513757e-01 -8.058059e-02
-1.721138e-01 1.894406e-01 -4.816225e-02
-1.938385e-01 2.570401e-01 -7.991531e-02
1.563703e-02 -9.892868e-02 3.370978e-02
4.737802e-02 -6.745946e-02 2.456717e-02
5.277813e-02 6.038948e-02 2.921733e-02
9.133339e-03 9.738495e-02 1.256141e-02
1.638252e-01 -1.324208e-01 -7.305047e-02
1.298762e-01 -2.944716e-02 4.740303e-02
1.251125e-01 3.313927e-02 4.856101e-02
1.650216e-01 1.248904e-01 -6.605785e-02
