-2.389211e-01 -9.244468e-04 6.335091e-02
-1.679202e-01 -4.671931e-03 6.039450e-02
-1.376773e-02 -4.149277e-03 1.375392e-01
3.818830e-02 -1.943414e-03 6.777490e-02
1.308350e-01 -2.318295e-03 4.944714e-02
2.111608e-01 -3.235386e-03 4.409468e-02
4.379551e-01 3.376267e-03 -1.326525e-01
-1.663000e-01 -1.104496e-01 -4.473774e-02
-1.627663e-01 1.113488e-01 -4.726294e-02
-1.566201e-01 -2.009747e-01 -3.584544e-02
-1.957616e-01 -2.712285e-01 -7.686405e-02
-1.564547e-01 2.120863e-01 -4.326880e-02
-1.901442e-01 2.585268e-01 -7.707150e-02
-3.457614e-03 -1.095528e-01 -8.785854e-03
3.562289e-02 -6.441404e-02 2.772920e-02
3.874690e-02 5.665218e-02 4.018268e-02
2.384817e-03 1.156561e-01 -1.034313e-02
1.652751e-01 -1.399334e-01 -5.147547e-02
1.158089e-01 -4.021179e-02 4.507578e-02
1.118782e-01 4.332889e-02 4.617803e-02
1.642578e-01 1.530322e-01 -5.345959e-02
