-2.611898e-01 2.537389e-03 6.679073e-02
-2.106963e-01 3.177206e-03 5.729731e-02
5.674607e-03 3.361548e-04 1.353523e-01
7.426751e-02 -6.807633e-03 6.636804e-02
1.402014e-01 -8.238577e-04 5.176029e-02
2.124419e-01 4.303906e-03 7.458624e-04
3.714057e-01 1.529716e-02 -4.397187e-02
-1.674939e-01 -1.105054e-01 -3.821995e-02
-1.702778e-01 1.030911e-01 -3.492835e-02
-1.651101e-01 -2.153452e-01 -3.020489e-02
-2.125423e-01 -2.705451e-01 -6.695174e-02
-1.465783e-01 2.147615e-01 -3.173589e-02
-1.938965e-01 2.608402e-01 -7.684178e-02
1.167997e-02 -1.120236e-01 -2.857477e-02
3.687673e-02 -6.273677e-02 2.399986e-02
4.067058e-02 5.742539e-02 1.524840e-02
1.110681e-02 1.080313e-01 -1.885378e-02
1.814025e-01 -1.379871e-01 -7.365518e-02
1.326401e-01 -3.451479e-02 4.649320e-02
1.288173e-01 3.087912e-02 4.804864e-02
1.805999e-01 1.506091e-01 -6.816644e-02
