-3.029818e-01 -6.685190e-03 7.063591e-02
-1.752415e-01 -3.209454e-03 2.572256e-02
-1.116528e-02 8.988968e-04 1.022030e-01
6.046766e-02 -4.406160e-03 4.591068e-02
1.357760e-01 4.074667e-04 4.855672e-02
2.254167e-01 2.368615e-03 1.249718e-03
3.882881e-01 6.276324e-03 -5.963192e-02
-1.743482e-01 -9.858661e-02 -3.408787e-02
-1.794484e-01 1.083084e-01 -3.490543e-02
-1.715688e-01 -1.955470e-01 -2.262397e-02
-1.998066e-01 -2.633459e-01 -6.073600e-02
-1.692539e-01 2.041449e-01 -2.263614e-02
-2.071826e-01 2.619950e-01 -7.175281e-02
1.704355e-02 -9.467300e-02 -2.765124e-03
5.394575e-02 -6.332353e-02 1.262931e-02
5.537226e-02 5.137421e-02 2.033910e-02
2.374768e-02 9.321970e-02 3.462272e-03
1.768797e-01 -1.324872e-01 -5.122986e-02
1.378546e-01 -4.113406e-02 4.017906e-02
1.304689e-01 4.744342e-02 3.947454e-02
1.857362e-01 1.269612e-01 -4.999377e-02
