-2.863914e-01 -3.604602e-03 5.297284e-02
-1.724146e-01 -1.535435e-03 1.765929e-02
-1.794586e-02 5.266296e-03 9.673935e-02
5.301699e-02 -1.616362e-03 3.817067e-02
1.363185e-01 2.204546e-04 4.733365e-02
2.379279e-01 -1.008057e-03 1.300604e-02
3.442448e-01 1.058731e-02 -7.970120e-02
-1.707071e-01 -1.166344e-01 -1.949612e-02
-1.656652e-01 1.149975e-01 -2.682903e-02
-1.630096e-01 -2.157537e-01 -2.154760e-02
-2.061564e-01 -2.822194e-01 -6.464208e-02
-1.561219e-01 2.093496e-01 -3.415939e-02
-1.947077e-01 2.785924e-01 -6.389425e-02
1.141856e-02 -1.121782e-01 -1.039349e-02
5.027803e-02 -6.880393e-02 7.165306e-03
4.988320e-02 7.103041e-02 1.288475e-02
4.630577e-03 1.149353e-01 4.716528e-03
1.968049e-01 -1.490125e-01 -3.330446e-02
1.274976e-01 -3.135389e-02 4.234430e-02
1.252806e-01 3.384497e-02 4.527742e-02
1.958181e-01 1.448963e-01 -2.430252e-02
