-2.728554e-01 -3.913506e-03 6.014692e-02
-2.114927e-01 -2.639685e-03 4.366112e-02
2.072676e-03 1.651193e-03 1.499919e-01
5.756587e-02 8.482732e-03 7.509862e-02
1.391170e-01 -5.497647e-03 4.206304e-02
2.246855e-01 -2.598529e-03 1.078160e-02
4.191774e-01 1.831263e-03 -9.980284e-02
-1.801712e-01 -9.410465e-02 -5.364767e-02
-1.815018e-01 8.701797e-02 -5.658018e-02
-1.692893e-01 -1.881434e-01 -3.825046e-02
-1.904609e-01 -2.498662e-01 -6.942404e-02
-1.642640e-01 1.820103e-01 -3.727109e-02
-1.899011e-01 2.498761e-01 -6.519075e-02
2.006289e-03 -8.575796e-02 7.431804e-03
4.019417e-02 -4.999936e-02 3.240492e-02
4.654838e-02 5.548149e-02 3.818597e-02
1.274734e-02 9.314670e-02 3.461582e-03
1.742983e-01 -1.255585e-01 -5.718101e-02
1.332401e-01 -3.842241e-02 3.530591e-02
1.325271e-01 3.924087e-02 4.117175e-02
1.757565e-01 1.277632e-01 -6.235710e-02
