-2.714467e-01 -4.281100e-03 5.771484e-02
-1.985346e-01 -6.543831e-03 4.401221e-02
-1.181047e-02 1.791183e-03 1.412514e-01
5.316967e-02 4.857303e-03 7.103367e-02
1.304622e-01 -4.733455e-04 6.717389e-02
2.324646e-01 4.148505e-03 6.047283e-03
4.010745e-01 6.877321e-03 -9.305717e-02
-1.733691e-01 -9.834018e-02 -3.900553e-02
-1.850751e-01 9.565626e-02 -3.646617e-02
-1.538151e-01 -1.842073e-01 -3.244953e-02
-1.925235e-01 -2.476821e-01 -5.772371e-02
-1.609945e-01 1.978945e-01 -3.927317e-02
-1.960597e-01 2.587866e-01 -6.268956e-02
-3.247590e-03 -9.901060e-02 -1.992417e-02
3.918367e-02 -6.382677e-02 1.933933e-02
3.816944e-02 6.042447e-02 1.965403e-02
5.904034e-03 1.025268e-01 -2.729610e-02
2.037675e-01 -1.367958e-01 -6.905325e-02
1.254233e-01 -4.603541e-02 4.955658e-02
1.261399e-01 3.516193e-02 5.989622e-02
1.911177e-01 1.190716e-01 -5.874111e-02
