-2.626662e-01 -1.334884e-03 2.857283e-02
-1.958917e-01 -3.557854e-03 3.030640e-02
-4.237850e-02 -4.001605e-03 1.389818e-01
3.355259e-02 -2.033680e-03 7.376536e-02
1.521392e-01 -2.353860e-03 3.715034e-02
2.285281e-01 2.975958e-03 1.471249e-02
4.246460e-01 -1.470012e-03 -1.027545e-01
-1.635888e-01 -1.097056e-01 -3.663808e-02
-1.758802e-01 1.194504e-01 -4.266953e-02
-1.443009e-01 -1.858959e-01 -1.882746e-02
-1.737396e-01 -2.508710e-01 -4.777975e-02
-1.608439e-01 2.044366e-01 -2.989746e-02
-1.970072e-01 2.530886e-01 -5.960963e-02
-1.299259e-02 -1.093880e-01 6.300572e-04
2.208156e-02 -6.710801e-02 3.364989e-02
2.343074e-02 6.462137e-02 4.005544e-02
-5.226027e-03 1.111984e-01 7.151505e-03
1.800443e-01 -1.385737e-01 -8.015418e-02
1.457914e-01 -3.944794e-02 3.348858e-02
1.422534e-01 3.283412e-02 3.767125e-02
1.820484e-01 1.271367e-01 -5.780541e-02
