-2.714107e-01 -5.192709e-03 4.999774e-02
-1.978867e-01 6.681371e-04 3.826678e-02
-2.915345e-02 4.244191e-03 1.094043e-01
3.705470e-02 2.591494e-03 4.419627e-02
1.437112e-01 -6.484665e-03 4.718455e-02
2.206933e-01 2.079258e-03 2.794498e-02
4.062457e-01 8.278390e-03 -1.176007e-01
-1.643759e-01 -1.153494e-01 -2.365420e-02
-1.704835e-01 1.226101e-01 -2.517383e-02
-1.469564e-01 -2.092565e-01 -1.880283e-02
-1.909767e-01 -2.662187e-01 -6.806916e-02
-1.551659e-01 2.130324e-01 -2.814136e-02
-1.927726e-01 2.665553e-01 -7.702708e-02
-4.185689e-03 -1.031003e-01 -5.792965e-03
2.627113e-02 -5.812721e-02 1.193664e-02
3.149085e-02 5.219266e-02 1.337459e-02
3.366708e-03 9.958916e-02 1.277945e-02
1.852308e-01 -1.211477e-01 -3.436744e-02
1.395256e-01 -4.715699e-02 3.524077e-02
1.403236e-01 3.753213e-02 3.993031e-02
1.894539e-01 1.226611e-01 -3.162688e-02
