-2.804942e-01 -3.150229e-03 3.443588e-02
-2.073322e-01 6.451106e-04 3.491135e-02
-1.401694e-02 5.178799e-04 1.139361e-01
4.811336e-02 -1.648034e-04 4.896402e-02
1.531839e-01 4.008049e-03 3.547942e-02
2.386014e-01 3.755232e-03 2.759183e-02
4.199278e-01 -1.555865e-03 -8.510186e-02
-1.818833e-01 -1.031252e-01 -2.862913e-02
-1.830920e-01 1.136803e-01 -3.181747e-02
-1.622698e-01 -1.865378e-01 -1.981474e-02
-2.012600e-01 -2.406269e-01 -4.453705e-02
-1.720784e-01 1.876720e-01 -2.647542e-02
-2.074417e-01 2.368388e-01 -4.655145e-02
-1.914640e-03 -1.028959e-01 -2.564557e-02
3.241126e-02 -6.093058e-02 9.683250e-03
3.126084e-02 5.391965e-02 9.549083e-03
4.677611e-03 1.007765e-01 5.241039e-03
1.971325e-01 -1.114299e-01 -3.333415e-02
1.452532e-01 -3.784247e-02 3.003626e-02
1.411117e-01 4.209706e-02 3.003269e-02
2.001095e-01 1.043489e-01 -3.795411e-02
