-2.723557e-01 5.717799e-03 4.681412e-02
-2.030286e-01 -7.090196e-05 3.443024e-02
-6.131078e-03 -2.038586e-03 1.313400e-01
6.224466e-02 -3.968010e-03 6.905975e-02
1.525502e-01 1.928614e-03 2.531353e-02
2.236840e-01 -7.130325e-04 2.678600e-03
3.981711e-01 -1.088988e-03 -6.268487e-02
-1.849606e-01 -1.152817e-01 -4.098199e-02
-1.840419e-01 1.121184e-01 -3.963396e-02
-1.747932e-01 -2.029335e-01 -3.531662e-02
-2.023435e-01 -2.449497e-01 -6.319766e-02
-1.768354e-01 1.954348e-01 -3.167817e-02
-2.017972e-01 2.427706e-01 -5.591854e-02
9.830643e-03 -9.889295e-02 8.138586e-03
5.097009e-02 -5.855523e-02 2.908918e-02
4.807242e-02 6.160994e-02 2.614692e-02
7.163081e-03 1.032443e-01 7.803639e-03
1.849624e-01 -1.097598e-01 -4.704193e-02
1.463686e-01 -2.451387e-02 2.616152e-02
1.381522e-01 3.342590e-02 2.758828e-02
1.841177e-01 1.065159e-01 -5.811064e-02
