-2.638348e-01 -2.373426e-03 6.276116e-02
-1.816088e-01 8.416519e-04 4.103667e-02
-9.082682e-03 -7.430120e-03 1.329789e-01
4.460126e-02 4.456536e-05 4.450440e-02
1.279956e-01 -5.175937e-03 4.737803e-02
2.556949e-01 2.494303e-03 3.866861e-02
3.975622e-01 -8.245652e-03 -8.714857e-02
-1.713553e-01 -1.112163e-01 -3.266002e-02
-1.707111e-01 1.171942e-01 -3.182019e-02
-1.506060e-01 -2.055872e-01 -3.341973e-02
-1.781981e-01 -2.638563e-01 -5.932346e-02
-1.616083e-01 2.118756e-01 -4.149479e-02
-1.980177e-01 2.653114e-01 -6.357764e-02
-7.563574e-03 -1.046353e-01 -1.592450e-02
3.322219e-02 -5.931020e-02 1.616423e-02
2.786455e-02 6.421305e-02 1.899482e-02
1.002529e-03 1.066942e-01 1.119994e-02
1.888841e-01 -1.414245e-01 -6.415078e-02
1.169675e-01 -3.068480e-02 4.447997e-02
1.159036e-01 3.504828e-02 4.278968e-02
1.828880e-01 1.362226e-01 -7.143672e-02
