-2.691496e-01 1.359827e-04 4.573750e-02
-1.881523e-01 -4.628408e-03 3.339838e-02
-2.512726e-03 -3.602562e-03 1.230383e-01
7.160947e-02 -3.338400e-03 5.617919e-02
1.418315e-01 2.337067e-03 4.350564e-02
2.203448e-01 2.235182e-03 3.198856e-02
4.282826e-01 1.375221e-03 -7.338331e-02
-1.876284e-01 -1.159981e-01 -3.692898e-02
-1.857194e-01 1.135909e-01 -3.660645e-02
-1.762231e-01 -1.826895e-01 -2.929124e-02
-1.997227e-01 -2.277422e-01 -4.716602e-02
-1.772043e-01 1.905035e-01 -3.286291e-02
-2.093900e-01 2.367961e-01 -4.919847e-02
2.386360e-03 -1.043320e-01 -5.597498e-03
4.296074e-02 -6.791677e-02 8.840151e-03
4.439597e-02 5.703668e-02 2.176814e-02
3.419321e-03 1.041834e-01 -1.991438e-02
1.844578e-01 -1.272158e-01 -5.697270e-02
1.343703e-01 -3.247668e-02 4.198817e-02
1.408887e-01 3.200064e-02 3.851295e-02
1.807548e-01 1.297458e-01 -5.703499e-02
