-2.643390e-01 -3.145196e-03 6.922327e-02
-1.584422e-01 5.631249e-04 4.595352e-02
-4.699574e-03 1.218860e-03 1.138972e-01
4.234290e-02 7.069452e-04 3.897075e-02
1.367935e-01 7.880715e-04 4.101514e-02
2.229779e-01 1.907623e-03 3.416173e-02
4.034552e-01 -1.924094e-03 -4.224648e-02
-1.729694e-01 -1.108435e-01 -3.450942e-02
-1.772480e-01 1.155241e-01 -3.390738e-02
-1.627943e-01 -2.085276e-01 -1.820997e-02
-1.987106e-01 -2.661551e-01 -6.546509e-02
-1.669065e-01 2.049413e-01 -1.685724e-02
-2.111930e-01 2.663319e-01 -6.961744e-02
3.870554e-03 -1.092797e-01 -1.676112e-02
3.878010e-02 -5.738768e-02 9.694860e-03
4.480794e-02 6.170254e-02 6.332029e-03
6.799529e-03 1.146207e-01 -4.834823e-03
1.748139e-01 -1.585005e-01 -6.711366e-02
1.341536e-01 -2.695169e-02 3.469297e-02
1.309104e-01 3.081504e-02 3.699313e-02
1.775971e-01 1.435950e-01 -6.141200e-02
