-2.477299e-01 2.539297e-03 9.748759e-02
-1.663049e-01 -3.147354e-03 4.089240e-02
4.141639e-03 2.393339e-04 1.126028e-01
5.459675e-02 -5.712132e-03 3.224633e-02
1.352830e-01 -1.002290e-02 4.202402e-02
2.331510e-01 5.303292e-03 4.032499e-02
3.961819e-01 3.392947e-03 -1.855692e-02
-1.742221e-01 -1.087771e-01 -3.959111e-02
-1.774813e-01 1.086974e-01 -3.885928e-02
-1.620233e-01 -2.163264e-01 -2.255032e-02
-1.984549e-01 -2.714921e-01 -5.696955e-02
-1.668308e-01 2.112837e-01 -2.647502e-02
-1.960618e-01 2.768869e-01 -6.078182e-02
-4.883351e-03 -1.241144e-01 -1.259742e-02
3.148211e-02 -7.146649e-02 -3.349967e-03
3.306836e-02 7.668236e-02 4.184535e-04
-1.180638e-02 1.247810e-01 -1.325597e-02
1.778608e-01 -1.334991e-01 -7.294386e-02
1.285301e-01 -3.815631e-02 3.669071e-02
1.260615e-01 2.905675e-02 3.991290e-02
1.854417e-01 1.438512e-01 -7.666894e-02
