-2.831684e-01 3.329538e-03 7.208965e-02
-1.986000e-01 1.945573e-03 3.570536e-02
-1.348706e-02 6.805409e-03 9.408293e-02
4.490275e-02 4.255818e-03 3.644796e-02
1.236713e-01 1.067949e-03 5.853414e-02
2.489939e-01 -1.788535e-03 1.291361e-02
3.663822e-01 -2.787895e-03 -1.115707e-01
-1.597078e-01 -1.274074e-01 -2.691583e-02
-1.652109e-01 1.226139e-01 -2.945289e-02
-1.374935e-01 -2.152042e-01 -3.964767e-02
-1.772487e-01 -2.893686e-01 -7.021476e-02
-1.468028e-01 2.205231e-01 -4.002107e-02
-1.871057e-01 2.812494e-01 -6.830730e-02
5.692065e-03 -1.131500e-01 -1.230530e-02
4.482177e-02 -6.661258e-02 1.449548e-02
4.322438e-02 6.726428e-02 1.192372e-02
4.398698e-03 1.127555e-01 6.806630e-03
1.776119e-01 -1.421434e-01 -2.569093e-02
1.123543e-01 -3.094407e-02 4.962629e-02
1.127306e-01 3.307880e-02 5.576862e-02
1.840409e-01 1.345175e-01 -2.426796e-02
