-2.759801e-01 3.752900e-03 8.085762e-02
-1.978809e-01 -1.763696e-03 4.866954e-02
-1.371736e-02 2.256870e-03 1.151258e-01
3.505090e-02 3.799520e-04 4.311569e-02
1.149144e-01 -8.682859e-04 4.451898e-02
2.518289e-01 5.013300e-03 2.062347e-02
4.524858e-01 1.623110e-03 -6.606943e-02
-1.727134e-01 -1.134029e-01 -2.269280e-02
-1.742449e-01 1.193057e-01 -3.568669e-02
-1.508736e-01 -1.971583e-01 -2.669548e-02
-1.786375e-01 -2.535865e-01 -5.921116e-02
-1.511238e-01 1.955955e-01 -3.722690e-02
-1.778519e-01 2.455745e-01 -5.219863e-02
-1.125944e-02 -1.065152e-01 -2.568885e-02
2.574862e-02 -5.280451e-02 1.701911e-02
3.159523e-02 5.267242e-02 9.199142e-03
-7.453769e-03 9.648753e-02 9.222129e-03
1.926227e-01 -1.319373e-01 -6.609074e-02
1.100664e-01 -3.337937e-02 3.804197e-02
1.078998e-01 3.411590e-02 3.967239e-02
1.895240e-01 1.346384e-01 -7.450515e-02
