-2.719081e-01 4.183691e-03 7.421233e-02
-2.054311e-01 2.612310e-03 6.101073e-02
-4.150002e-03 -3.900019e-04 1.184183e-01
5.057374e-02 -3.055888e-03 5.227242e-02
1.386065e-01 -7.215695e-04 5.218814e-02
2.447906e-01 -1.012639e-03 -2.964123e-03
3.786202e-01 8.799211e-03 -1.067223e-01
-1.851597e-01 -1.001450e-01 -4.298941e-02
-1.894127e-01 1.046663e-01 -4.808659e-02
-1.671784e-01 -1.802200e-01 -3.398443e-02
-1.871237e-01 -2.664399e-01 -8.751063e-02
-1.762822e-01 1.837953e-01 -4.565962e-02
-1.912789e-01 2.604335e-01 -8.952173e-02
1.224286e-02 -9.144684e-02 -4.667660e-03
4.211307e-02 -4.767076e-02 2.904812e-02
4.648626e-02 5.110312e-02 2.572865e-02
2.224076e-03 9.197024e-02 3.080636e-02
1.889677e-01 -1.178963e-01 -3.611408e-02
1.423267e-01 -3.410985e-02 4.392172e-02
1.372345e-01 3.203952e-02 4.639945e-02
1.937387e-01 1.035054e-01 -3.578569e-02
