-2.595449e-01 -2.678313e-03 6.857301e-02
-1.699657e-01 -5.349385e-04 5.467637e-02
-2.227047e-02 3.974348e-03 1.216058e-01
3.597778e-02 4.336212e-03 5.762596e-02
1.326216e-01 1.398782e-03 4.413978e-02
2.253113e-01 1.113968e-03 2.186480e-02
4.037343e-01 -3.953310e-03 -1.034388e-01
-1.686784e-01 -1.209489e-01 -4.114663e-02
-1.646557e-01 1.160530e-01 -3.339899e-02
-1.398545e-01 -2.188795e-01 -2.772977e-02
-1.833666e-01 -2.835211e-01 -7.523748e-02
-1.483384e-01 2.060007e-01 -2.844376e-02
-1.906372e-01 2.888822e-01 -7.461309e-02
-1.188899e-02 -1.020825e-01 -1.241518e-02
2.207056e-02 -5.521873e-02 1.881025e-02
2.525643e-02 7.064164e-02 2.828816e-02
-1.071421e-02 1.173135e-01 -1.100214e-02
1.817721e-01 -1.336991e-01 -4.438507e-02
1.303681e-01 -3.786302e-02 3.673437e-02
1.286379e-01 2.713727e-02 4.257034e-02
1.841650e-01 1.225278e-01 -4.307793e-02
