-2.793891e-01 -5.568435e-03 4.595020e-02
-1.919501e-01 -6.283254e-03 4.797668e-02
-3.943017e-02 -5.736834e-04 1.154937e-01
3.707411e-02 -2.339394e-03 4.205999e-02
1.379496e-01 2.066369e-03 3.443154e-02
2.432342e-01 3.443050e-03 -7.313335e-03
4.226945e-01 2.691736e-03 -7.392047e-02
-1.853649e-01 -1.181114e-01 -2.478630e-02
-1.757541e-01 1.188892e-01 -3.091226e-02
-1.544802e-01 -2.025163e-01 -2.197849e-02
-1.791311e-01 -2.644008e-01 -6.196969e-02
-1.509833e-01 2.055713e-01 -2.221796e-02
-1.775101e-01 2.646567e-01 -5.991433e-02
-1.901783e-02 -1.016959e-01 6.035404e-03
2.550349e-02 -5.773073e-02 1.880182e-02
2.908337e-02 6.028643e-02 1.954056e-02
-5.875043e-03 1.002941e-01 1.690413e-02
2.022618e-01 -9.751626e-02 -4.286588e-02
1.337385e-01 -3.301832e-02 2.816337e-02
1.334753e-01 3.381850e-02 3.041735e-02
1.938711e-01 9.803710e-02 -5.989600e-02
