-2.686798e-01 -7.194092e-03 6.629852e-02
-2.033388e-01 -2.086469e-03 5.851217e-02
-2.480297e-02 5.770306e-03 1.200550e-01
5.082456e-02 7.173096e-04 4.303174e-02
1.515605e-01 1.549983e-03 4.456724e-02
2.213828e-01 3.794293e-03 -2.927155e-04
3.907845e-01 -3.073051e-03 -8.280837e-02
-1.835415e-01 -9.916606e-02 -4.179842e-02
-1.795797e-01 9.844769e-02 -4.392131e-02
-1.684471e-01 -2.072447e-01 -3.305620e-02
-1.932727e-01 -2.715336e-01 -6.825512e-02
-1.591654e-01 1.964491e-01 -3.949563e-02
-1.921982e-01 2.612558e-01 -7.208442e-02
3.571271e-03 -8.447916e-02 -9.881187e-03
4.423555e-02 -4.690343e-02 2.220028e-02
4.616911e-02 5.527119e-02 2.597961e-02
1.461639e-02 9.802887e-02 1.483448e-02
1.787161e-01 -1.241530e-01 -4.763660e-02
1.420265e-01 -3.795244e-02 3.492002e-02
1.427166e-01 3.982304e-02 4.450747e-02
1.864222e-01 1.226784e-01 -3.567653e-02
