-2.623297e-01 -1.738959e-03 5.887164e-02
-1.818743e-01 1.133552e-03 4.064226e-02
-1.072863e-02 3.016113e-03 1.048644e-01
4.705089e-02 6.397009e-04 4.816181e-02
1.487269e-01 -5.817275e-03 3.760311e-02
2.416608e-01 -2.270798e-03 1.403265e-02
3.780361e-01 3.612768e-03 -5.018242e-02
-1.791180e-01 -1.157432e-01 -2.945681e-02
-1.856253e-01 1.228158e-01 -3.730349e-02
-1.670828e-01 -2.080616e-01 -1.959032e-02
-1.982522e-01 -2.711981e-01 -6.019189e-02
-1.656355e-01 2.084100e-01 -2.135184e-02
-2.073670e-01 2.693701e-01 -6.433318e-02
1.019549e-02 -9.696591e-02 -1.302712e-02
3.761317e-02 -5.808296e-02 1.214124e-02
3.803695e-02 5.313679e-02 1.587301e-02
2.704351e-03 1.054776e-01 -8.904058e-03
1.876176e-01 -1.245215e-01 -4.602243e-02
1.406820e-01 -4.618452e-02 2.802624e-02
1.400781e-01 3.722726e-02 3.197071e-02
1.856112e-01 1.257452e-01 -4.182350e-02
