-2.746725e-01 -1.338359e-03 4.652032e-02
-1.672807e-01 -4.980765e-03 4.912049e-02
-2.730775e-02 8.931273e-04 1.104495e-01
4.541724e-02 -2.679474e-03 4.905963e-02
1.386470e-01 4.396787e-03 2.844902e-02
2.061921e-01 6.325379e-03 5.882721e-03
3.933515e-01 4.847668e-04 -7.034491e-02
-1.738721e-01 -1.464527e-01 -2.960977e-02
-1.723282e-01 1.432575e-01 -2.636342e-02
-1.663701e-01 -2.263958e-01 -2.701499e-02
-1.960065e-01 -2.862910e-01 -6.754692e-02
-1.600411e-01 2.249825e-01 -3.056514e-02
-1.782172e-01 2.829935e-01 -6.337232e-02
6.301646e-03 -9.381394e-02 4.243974e-03
4.450410e-02 -4.566712e-02 2.836003e-02
4.036446e-02 4.743548e-02 2.244670e-02
2.649407e-03 8.608519e-02 9.886211e-03
1.849985e-01 -1.091222e-01 -3.522510e-02
1.359436e-01 -3.654929e-02 2.032875e-02
1.366815e-01 3.537026e-02 2.397772e-02
1.810451e-01 1.210662e-01 -4.868246e-02
