-2.637585e-01 1.582264e-03 6.559978e-02
-1.917165e-01 1.430031e-04 5.586544e-02
-1.893069e-02 2.130959e-03 1.324673e-01
4.233980e-02 -1.935860e-03 6.740616e-02
1.279489e-01 -1.709318e-03 5.178769e-02
2.231930e-01 -2.863014e-03 -3.229297e-03
3.835605e-01 -5.365310e-04 -9.144720e-02
-1.842659e-01 -9.632505e-02 -4.753128e-02
-1.790137e-01 1.021412e-01 -5.011725e-02
-1.520383e-01 -1.977622e-01 -3.434515e-02
-1.862541e-01 -2.818950e-01 -7.712823e-02
-1.600499e-01 1.964439e-01 -4.922020e-02
-1.938441e-01 2.738297e-01 -8.473885e-02
9.311294e-03 -9.617213e-02 6.717462e-03
5.187023e-02 -5.231081e-02 3.395686e-02
5.524359e-02 5.727470e-02 4.172375e-02
1.711100e-02 1.006508e-01 3.795704e-02
1.844030e-01 -1.208072e-01 -7.414598e-02
1.286224e-01 -4.222589e-02 3.800881e-02
1.254861e-01 2.889661e-02 4.933865e-02
1.807818e-01 1.314498e-01 -6.892552e-02
