-2.984150e-01 7.944006e-03 7.048266e-02
-1.886223e-01 8.566885e-03 3.365393e-02
-3.501473e-02 -5.334331e-03 1.049805e-01
4.613325e-02 -3.229314e-03 6.420072e-02
1.525685e-01 -2.179833e-03 4.403358e-02
2.154554e-01 1.590720e-03 2.867216e-03
3.380379e-01 1.258255e-02 -8.440896e-02
-1.775226e-01 -1.099116e-01 -3.706927e-02
-1.756770e-01 1.108221e-01 -3.673418e-02
-1.443390e-01 -2.036379e-01 -3.789644e-02
-1.868955e-01 -2.814788e-01 -8.091988e-02
-1.480707e-01 2.089811e-01 -4.657516e-02
-1.895194e-01 2.745417e-01 -7.872092e-02
8.865570e-03 -1.143151e-01 1.423253e-02
4.657824e-02 -6.895064e-02 3.740375e-02
4.868578e-02 6.035220e-02 3.041940e-02
9.693755e-03 1.052010e-01 1.668351e-02
1.976016e-01 -1.270787e-01 -5.086331e-02
1.436336e-01 -3.615828e-02 4.163114e-02
1.444418e-01 3.124422e-02 4.646115e-02
1.923808e-01 1.304481e-01 -5.386191e-02
