-2.849548e-01 1.710979e-03 7.011290e-02
-1.644313e-01 -9.202902e-04 4.559812e-02
-1.567115e-02 -5.554134e-03 1.284014e-01
5.198251e-02 -3.883569e-03 5.963707e-02
1.410278e-01 -5.093257e-03 3.977614e-02
1.931961e-01 -1.536847e-03 -4.487710e-03
3.899223e-01 3.742098e-03 -6.667310e-02
-1.695459e-01 -1.125088e-01 -2.940834e-02
-1.780377e-01 1.219993e-01 -3.515220e-02
-1.501566e-01 -2.062868e-01 -3.378080e-02
-1.737565e-01 -2.883980e-01 -8.967207e-02
-1.554584e-01 2.085783e-01 -3.478715e-02
-1.746467e-01 2.824012e-01 -8.711560e-02
4.993494e-03 -1.055613e-01 2.173746e-02
4.529228e-02 -5.858907e-02 3.626742e-02
5.214546e-02 5.284792e-02 3.940186e-02
8.300278e-03 1.120027e-01 1.121998e-02
1.603025e-01 -1.611422e-01 -6.849766e-02
1.314798e-01 -3.630134e-02 3.915634e-02
1.313875e-01 2.660801e-02 4.181238e-02
1.566289e-01 1.758851e-01 -8.354648e-02
