-2.671976e-01 -3.483688e-03 7.202635e-02
-1.622612e-01 -4.794610e-03 5.101756e-02
-3.462455e-02 -1.099439e-02 1.079272e-01
5.440172e-02 -2.469087e-03 3.642823e-02
1.338459e-01 2.049301e-03 4.949966e-02
2.199534e-01 3.529355e-03 1.568304e-02
3.653343e-01 2.363561e-03 -7.978515e-02
-1.882218e-01 -1.136544e-01 -3.539516e-02
-1.922609e-01 1.166629e-01 -3.564709e-02
-1.651354e-01 -2.112628e-01 -2.421803e-02
-1.918813e-01 -2.915321e-01 -7.795786e-02
-1.566545e-01 2.114198e-01 -2.470046e-02
-1.838248e-01 2.872781e-01 -8.186010e-02
1.724738e-02 -9.618428e-02 -5.052105e-03
5.205717e-02 -5.504382e-02 1.877256e-02
5.626734e-02 5.850043e-02 2.054390e-02
2.244073e-02 1.012615e-01 -3.817276e-03
1.831313e-01 -1.386051e-01 -3.796897e-02
1.329931e-01 -4.387995e-02 4.034940e-02
1.240763e-01 4.577241e-02 4.004948e-02
1.803131e-01 1.430666e-01 -4.589515e-02
