-2.735990e-01 3.315977e-03 7.074605e-02
-1.918594e-01 -6.743424e-04 4.209782e-02
-2.014421e-02 -4.619678e-03 1.041567e-01
3.573214e-02 9.596783e-05 4.530588e-02
1.407299e-01 -7.290162e-04 5.648001e-02
2.382477e-01 8.328249e-03 -3.501742e-03
3.711407e-01 1.282662e-02 -1.144304e-01
-1.896165e-01 -1.171605e-01 -3.367107e-02
-1.725146e-01 9.983712e-02 -3.147376e-02
-1.517802e-01 -2.064089e-01 -4.017408e-02
-1.805818e-01 -2.782946e-01 -7.031847e-02
-1.423243e-01 2.072237e-01 -4.066778e-02
-1.685387e-01 2.875576e-01 -7.488818e-02
1.132354e-03 -1.063894e-01 4.404686e-03
3.475813e-02 -5.781767e-02 2.455457e-02
3.550541e-02 4.818203e-02 2.340953e-02
-3.912848e-03 1.078545e-01 -8.180051e-04
1.883704e-01 -1.459662e-01 -2.604512e-02
1.409060e-01 -5.050841e-02 4.460203e-02
1.297347e-01 4.325161e-02 5.172115e-02
1.786142e-01 1.500953e-01 -3.148981e-02
