-2.887909e-01 -6.520129e-03 6.919868e-02
-1.938222e-01 -2.641450e-03 4.330958e-02
-3.922501e-03 -3.882146e-03 1.232317e-01
6.077560e-02 1.235181e-03 4.221861e-02
1.481875e-01 -6.611829e-03 3.655938e-02
2.299307e-01 -2.961482e-03 3.674643e-03
3.660599e-01 2.730476e-04 -5.708921e-02
-1.802111e-01 -1.106340e-01 -3.689288e-02
-1.811303e-01 1.163050e-01 -4.587948e-02
-1.597308e-01 -2.041234e-01 -2.615589e-02
-1.845369e-01 -2.639327e-01 -7.468582e-02
-1.686628e-01 1.984044e-01 -2.972857e-02
-1.917375e-01 2.720137e-01 -7.316585e-02
1.219710e-02 -1.057331e-01 1.504603e-02
4.571015e-02 -5.917971e-02 2.127111e-02
4.214426e-02 7.409171e-02 2.351264e-02
1.273779e-02 1.170508e-01 4.733598e-03
1.746458e-01 -1.325054e-01 -5.377008e-02
1.417751e-01 -3.807890e-02 3.168031e-02
1.439562e-01 2.600453e-02 3.535128e-02
1.744249e-01 1.314259e-01 -5.241982e-02
