-2.758238e-01 -3.698432e-03 6.798875e-02
-1.986727e-01 -3.135702e-03 5.122455e-02
-1.139464e-02 2.129932e-03 1.357383e-01
6.009555e-02 6.545723e-04 5.064523e-02
1.520609e-01 2.973192e-03 3.261631e-02
2.298025e-01 8.688359e-04 5.701245e-03
3.870016e-01 -1.002981e-02 -7.883653e-02
-1.837289e-01 -9.107698e-02 -5.567198e-02
-1.788059e-01 9.020314e-02 -5.129083e-02
-1.639305e-01 -1.985346e-01 -3.924950e-02
-2.023958e-01 -2.658585e-01 -7.128306e-02
-1.632905e-01 1.926155e-01 -3.523639e-02
-2.016602e-01 2.583698e-01 -7.073695e-02
3.424843e-03 -1.004818e-01 1.993511e-02
4.549924e-02 -5.341845e-02 2.120313e-02
4.584802e-02 6.216980e-02 1.782216e-02
1.266957e-02 1.059277e-01 2.486873e-02
1.795718e-01 -1.100927e-01 -4.153426e-02
1.454272e-01 -3.423319e-02 2.840875e-02
1.419387e-01 3.589399e-02 3.116801e-02
1.763631e-01 1.187537e-01 -4.348081e-02
