-2.908364e-01 7.378696e-04 6.345408e-02
-2.070190e-01 3.779920e-03 4.167235e-02
-1.026146e-02 3.595861e-03 1.298261e-01
5.331740e-02 2.629469e-03 6.505478e-02
1.455888e-01 -5.708345e-03 3.570908e-02
2.302994e-01 -4.434945e-03 3.021179e-03
3.810363e-01 7.512264e-03 -7.851076e-02
-1.777830e-01 -1.064685e-01 -4.371121e-02
-1.824375e-01 1.097706e-01 -4.071050e-02
-1.571030e-01 -1.937786e-01 -2.798352e-02
-1.949612e-01 -2.679517e-01 -6.951531e-02
-1.659649e-01 1.938527e-01 -3.366348e-02
-1.941791e-01 2.598464e-01 -7.252856e-02
9.833254e-03 -8.967011e-02 -3.454510e-03
4.793225e-02 -4.820353e-02 2.535905e-02
4.719018e-02 5.022029e-02 3.129389e-02
1.462426e-02 9.085340e-02 4.175914e-03
1.831092e-01 -1.187922e-01 -5.020248e-02
1.433229e-01 -3.473914e-02 3.165050e-02
1.416326e-01 3.104027e-02 3.448717e-02
1.826591e-01 1.159081e-01 -4.542376e-02
