-2.629158e-01 5.333794e-03 5.815154e-02
-2.041950e-01 2.396330e-03 5.204660e-02
-2.282326e-02 -2.878440e-03 1.236231e-01
5.034405e-02 -4.190885e-03 5.129900e-02
1.368390e-01 -1.887926e-03 4.735032e-02
2.212698e-01 -2.805780e-03 -1.796467e-03
4.333901e-01 -4.941816e-03 -9.015485e-02
-1.678983e-01 -1.093259e-01 -3.366837e-02
-1.763200e-01 1.181382e-01 -3.830727e-02
-1.577654e-01 -2.063969e-01 -3.409438e-02
-1.921665e-01 -2.495374e-01 -6.371570e-02
-1.696226e-01 1.903496e-01 -3.444905e-02
-1.891516e-01 2.467083e-01 -6.091382e-02
-3.646116e-04 -9.273007e-02 4.753033e-03
2.635016e-02 -5.594641e-02 1.893933e-02
2.620329e-02 5.794309e-02 2.479925e-02
-4.535520e-03 1.019725e-01 -5.389361e-03
2.022361e-01 -1.130776e-01 -5.944249e-02
1.291360e-01 -2.914874e-02 4.384552e-02
1.303384e-01 3.835458e-02 4.343710e-02
1.916517e-01 1.116715e-01 -4.631305e-02
