-2.643635e-01 3.525789e-03 3.840431e-02
-1.970098e-01 7.345050e-04 2.628325e-02
-2.571852e-02 1.002556e-02 9.027344e-02
4.342784e-02 2.299170e-03 4.475319e-02
1.536057e-01 -5.567110e-03 3.341612e-02
2.301431e-01 -2.853587e-03 1.256096e-02
4.076033e-01 5.583072e-03 -6.622343e-02
-1.741902e-01 -1.290605e-01 -1.745905e-02
-1.869969e-01 1.327898e-01 -3.485227e-02
-1.774280e-01 -2.059457e-01 -1.819250e-02
-1.919064e-01 -2.535943e-01 -5.588118e-02
-1.840363e-01 1.875202e-01 -2.495898e-02
-2.010370e-01 2.486281e-01 -5.006752e-02
6.987769e-03 -9.573442e-02 1.991912e-03
2.819165e-02 -5.055730e-02 2.066167e-02
3.800078e-02 6.959500e-02 2.239849e-02
2.114827e-02 1.113896e-01 7.804065e-03
1.832321e-01 -1.235206e-01 -5.867957e-02
1.505626e-01 -3.591514e-02 2.938214e-02
1.508089e-01 1.808877e-02 3.453018e-02
1.889745e-01 1.125690e-01 -3.614525e-02
