-2.806042e-01 -2.084947e-03 5.444330e-02
-2.145880e-01 -2.471618e-03 3.700189e-02
4.734695e-03 7.690777e-03 1.226592e-01
4.711926e-02 3.578575e-03 5.924976e-02
1.365628e-01 8.082475e-03 4.733555e-02
2.385935e-01 2.482506e-03 1.029607e-02
3.966366e-01 -7.663737e-03 -1.234341e-01
-1.844224e-01 -1.019008e-01 -4.823941e-02
-1.857357e-01 1.062019e-01 -5.362501e-02
-1.687789e-01 -1.886346e-01 -3.447383e-02
-1.920665e-01 -2.464144e-01 -7.357494e-02
-1.689273e-01 1.801936e-01 -3.333778e-02
-1.911187e-01 2.340107e-01 -6.451071e-02
9.023448e-03 -1.001816e-01 2.870547e-03
4.093412e-02 -5.411002e-02 2.781385e-02
3.814838e-02 5.732774e-02 2.855576e-02
1.827349e-02 1.032441e-01 2.551793e-02
1.868380e-01 -1.224390e-01 -3.242602e-02
1.394256e-01 -3.616762e-02 4.473249e-02
1.398415e-01 3.597000e-02 4.648432e-02
1.901102e-01 1.232860e-01 -4.333894e-02
