-3.069872e-01 4.471946e-03 5.468873e-02
-2.201693e-01 -4.753046e-03 3.983309e-02
3.003066e-02 -8.585107e-04 1.228761e-01
6.720354e-02 -1.028073e-03 5.426671e-02
1.527140e-01 -1.628255e-03 3.935357e-02
2.358977e-01 8.778842e-04 7.084496e-03
3.998962e-01 -4.075883e-03 -9.537355e-02
-1.872594e-01 -9.593154e-02 -4.709492e-02
-1.968349e-01 9.950297e-02 -5.021731e-02
-1.821576e-01 -1.744982e-01 -4.253393e-02
-2.009984e-01 -2.299025e-01 -7.017386e-02
-1.887659e-01 1.720205e-01 -4.433856e-02
-2.020183e-01 2.240577e-01 -6.805115e-02
2.084254e-02 -8.577720e-02 2.530736e-02
5.055692e-02 -4.762859e-02 2.826014e-02
5.376643e-02 5.089919e-02 2.492585e-02
2.420817e-02 9.047546e-02 2.766320e-02
1.822370e-01 -1.018039e-01 -4.173008e-02
1.434687e-01 -2.610144e-02 3.641647e-02
1.430378e-01 2.545667e-02 3.792753e-02
1.813312e-01 1.062249e-01 -3.908991e-02
