-2.514408e-01 1.113786e-02 7.339073e-02
-1.663720e-01 2.290394e-03 5.395156e-02
-1.927028e-02 3.806459e-03 1.134279e-01
3.897969e-02 -6.704996e-03 3.678061e-02
1.358771e-01 5.048922e-03 5.226877e-02
2.376284e-01 3.135858e-04 1.572100e-02
3.690669e-01 7.367726e-03 -1.020564e-01
-1.759593e-01 -1.157303e-01 -3.990616e-02
-1.866258e-01 1.208115e-01 -3.063917e-02
-1.627381e-01 -2.136060e-01 -3.616555e-02
-1.989011e-01 -2.978548e-01 -8.388646e-02
-1.587791e-01 2.119876e-01 -4.394449e-02
-1.978653e-01 2.777630e-01 -7.055900e-02
-4.851491e-03 -9.648442e-02 6.607563e-03
3.527349e-02 -6.025027e-02 1.475801e-02
4.548801e-02 5.377240e-02 1.211154e-02
3.677646e-04 1.027695e-01 -1.012601e-02
1.958752e-01 -1.116204e-01 -2.767852e-02
1.394085e-01 -3.489066e-02 4.290645e-02
1.389540e-01 3.530169e-02 4.391572e-02
1.858841e-01 1.047712e-01 -2.087819e-02
