-2.533234e-01 5.852964e-03 7.428808e-02
-1.887919e-01 -4.161577e-03 5.860811e-02
4.477549e-03 -4.528424e-03 1.256502e-01
5.443985e-02 -3.407359e-03 4.568351e-02
1.294876e-01 -3.730760e-04 4.939254e-02
2.310441e-01 2.894113e-03 -4.910211e-03
4.007466e-01 -2.238140e-03 -8.949563e-02
-1.773409e-01 -1.166688e-01 -4.709975e-02
-1.828552e-01 1.095222e-01 -5.115898e-02
-1.766967e-01 -2.020136e-01 -5.786876e-02
-1.993588e-01 -2.575924e-01 -7.491150e-02
-1.704007e-01 1.966037e-01 -4.789840e-02
-1.882457e-01 2.610449e-01 -7.391645e-02
1.582135e-02 -1.066746e-01 2.885880e-02
4.998924e-02 -5.576987e-02 2.086710e-02
4.901872e-02 4.927856e-02 3.465147e-02
1.308489e-02 1.078613e-01 1.625198e-02
1.782364e-01 -1.215516e-01 -3.875445e-02
1.223300e-01 -3.339559e-02 4.533904e-02
1.207538e-01 3.237917e-02 4.604316e-02
1.675831e-01 1.429380e-01 -5.961984e-02
