-3.058462e-01 7.939692e-04 6.876643e-02
-2.191849e-01 -2.967183e-03 3.765067e-02
-1.440036e-02 -1.831387e-02 1.081756e-01
4.322412e-02 -2.436173e-03 5.488867e-02
1.458276e-01 7.262165e-03 5.081152e-02
2.474944e-01 4.437897e-03 1.730511e-02
3.825211e-01 2.686434e-03 -1.005557e-01
-1.721179e-01 -1.104206e-01 -2.827745e-02
-1.755956e-01 1.106864e-01 -3.302461e-02
-1.546006e-01 -1.942385e-01 -3.111592e-02
-1.861296e-01 -2.528102e-01 -7.499344e-02
-1.582889e-01 1.862720e-01 -3.139658e-02
-1.790224e-01 2.536758e-01 -7.369495e-02
1.006459e-02 -9.197203e-02 9.403819e-04
3.808955e-02 -4.901369e-02 2.779701e-02
3.949850e-02 5.316602e-02 2.801064e-02
2.002589e-02 9.921971e-02 -3.963649e-03
1.815433e-01 -1.360056e-01 -5.361582e-02
1.317475e-01 -3.019386e-02 4.885555e-02
1.357514e-01 3.921769e-02 4.603238e-02
1.893984e-01 1.309536e-01 -5.859583e-02
