-2.960473e-01 -7.696615e-03 6.286596e-02
-2.271817e-01 -2.689999e-03 4.197080e-02
1.091926e-02 -8.385265e-03 1.185559e-01
6.281375e-02 -1.412772e-03 5.054884e-02
1.327874e-01 -2.863315e-03 4.615012e-02
2.315653e-01 7.294460e-03 5.309177e-03
4.023871e-01 7.863417e-03 -8.267113e-02
-1.827904e-01 -1.105766e-01 -3.716294e-02
-1.808958e-01 1.045614e-01 -3.656863e-02
-1.688648e-01 -1.820649e-01 -3.224900e-02
-1.944448e-01 -2.354689e-01 -5.607305e-02
-1.696434e-01 1.921359e-01 -4.112950e-02
-1.901188e-01 2.489024e-01 -6.796885e-02
4.577605e-03 -9.667508e-02 -1.057301e-02
4.828918e-02 -5.601727e-02 2.298036e-02
5.059582e-02 4.144308e-02 3.449134e-02
2.167003e-02 9.463119e-02 -6.055883e-03
1.937878e-01 -1.156979e-01 -4.735937e-02
1.323979e-01 -2.662427e-02 4.168131e-02
1.301314e-01 3.098189e-02 4.273339e-02
1.880645e-01 1.183592e-01 -4.947590e-02
