-3.184341e-01 -3.954879e-03 6.515118e-02
-2.012515e-01 -5.710474e-03 3.937412e-02
1.061392e-02 -3.506281e-03 1.315478e-01
6.726231e-02 -5.915441e-03 5.944183e-02
1.340504e-01 -9.677246e-04 3.718700e-02
2.372911e-01 -6.223421e-04 -6.649310e-04
4.119981e-01 1.944158e-03 -8.796330e-02
-1.763253e-01 -9.996144e-02 -4.005891e-02
-1.828310e-01 1.065946e-01 -4.765622e-02
-1.611241e-01 -1.873945e-01 -3.849875e-02
-1.810921e-01 -2.361181e-01 -7.000752e-02
-1.689942e-01 1.892275e-01 -3.885690e-02
-1.927248e-01 2.500508e-01 -6.679166e-02
1.694434e-02 -9.889225e-02 2.036311e-02
5.141535e-02 -5.642254e-02 3.421698e-02
5.209320e-02 5.754218e-02 3.729774e-02
1.745520e-02 1.042414e-01 -3.558279e-03
1.684301e-01 -1.259430e-01 -4.698709e-02
1.256597e-01 -3.783647e-02 3.263475e-02
1.222564e-01 3.324658e-02 3.370637e-02
1.673070e-01 1.203982e-01 -4.987736e-02
