-2.877419e-01 5.582325e-03 5.928816e-02
-2.111548e-01 1.935746e-03 4.121722e-02
-1.201993e-02 6.540850e-03 1.254266e-01
5.032729e-02 1.658435e-03 6.276494e-02
1.417799e-01 -5.176712e-05 4.082092e-02
2.296996e-01 4.722457e-03 -5.719279e-03
3.913409e-01 -3.950110e-04 -1.032727e-01
-1.779756e-01 -1.139115e-01 -4.982448e-02
-1.807914e-01 1.069243e-01 -4.017319e-02
-1.656664e-01 -1.938155e-01 -3.704958e-02
-1.970159e-01 -2.574066e-01 -7.829945e-02
-1.652154e-01 1.908484e-01 -3.766023e-02
-1.873967e-01 2.445809e-01 -8.026073e-02
1.803001e-02 -9.342142e-02 1.832272e-02
4.813517e-02 -5.021814e-02 3.432456e-02
4.457104e-02 5.403650e-02 3.825945e-02
2.260741e-02 9.192176e-02 3.286920e-02
1.817266e-01 -1.182335e-01 -5.007405e-02
1.432323e-01 -3.053050e-02 3.617871e-02
1.384805e-01 3.014998e-02 4.031672e-02
1.750473e-01 1.190824e-01 -4.745547e-02
