-2.735029e-01 -4.156400e-03 6.842225e-02
-2.112411e-01 -1.840629e-03 5.019792e-02
1.526760e-03 -3.855251e-03 1.152376e-01
5.196097e-02 -1.744841e-03 4.742011e-02
1.481182e-01 -8.601760e-04 3.874013e-02
2.345541e-01 -7.352462e-04 1.157553e-02
3.894078e-01 -6.502042e-03 -8.177794e-02
-1.858925e-01 -1.075669e-01 -4.524316e-02
-1.782608e-01 1.025519e-01 -4.850579e-02
-1.656011e-01 -1.925932e-01 -3.238696e-02
-1.992866e-01 -2.549334e-01 -7.613579e-02
-1.693106e-01 1.903887e-01 -3.583748e-02
-2.041918e-01 2.589498e-01 -7.340169e-02
1.762122e-02 -8.800523e-02 1.408313e-02
3.938758e-02 -4.771977e-02 3.055058e-02
4.670449e-02 5.064317e-02 2.441178e-02
2.163948e-02 9.616160e-02 1.100699e-02
1.811005e-01 -1.158473e-01 -4.712544e-02
1.391132e-01 -3.467148e-02 3.638618e-02
1.367716e-01 3.531246e-02 3.985327e-02
1.793814e-01 1.270244e-01 -4.747122e-02
