-2.903790e-01 1.213428e-03 7.037695e-02
-2.073246e-01 -6.320222e-03 4.226919e-02
-1.069449e-02 3.925688e-04 1.298968e-01
4.880602e-02 -4.557774e-04 5.508936e-02
1.243544e-01 4.169336e-03 4.188824e-02
2.392184e-01 2.916695e-03 2.596987e-03
4.230132e-01 1.148649e-02 -7.835372e-02
-1.777614e-01 -1.024536e-01 -4.053822e-02
-1.828690e-01 1.004295e-01 -4.186681e-02
-1.610714e-01 -1.770725e-01 -3.827297e-02
-1.805325e-01 -2.423058e-01 -6.801800e-02
-1.688307e-01 1.901570e-01 -4.721666e-02
-1.838529e-01 2.409904e-01 -5.559002e-02
8.474447e-03 -9.605681e-02 1.929437e-02
4.031719e-02 -4.654823e-02 2.853734e-02
4.265310e-02 6.141719e-02 2.344688e-02
1.138368e-02 9.265981e-02 2.495687e-02
1.909654e-01 -1.540456e-01 -7.010844e-02
1.249412e-01 -3.194357e-02 3.896442e-02
1.180815e-01 3.644006e-02 3.626298e-02
1.911074e-01 1.149296e-01 -7.361551e-02
