-3.073713e-01 2.434636e-03 6.758695e-02
-1.970798e-01 -3.455861e-03 4.770049e-02
-4.020782e-02 5.663181e-03 1.153710e-01
5.020658e-02 -4.445073e-04 5.841792e-02
1.505433e-01 1.990615e-03 4.309264e-02
2.336771e-01 1.817710e-03 -1.019165e-02
3.817196e-01 -4.789559e-03 -1.145222e-01
-1.781679e-01 -1.063318e-01 -5.389819e-02
-1.798667e-01 1.096027e-01 -4.887898e-02
-1.668012e-01 -1.959547e-01 -4.098842e-02
-1.927240e-01 -2.509220e-01 -6.623418e-02
-1.676554e-01 1.874537e-01 -4.432320e-02
-1.909956e-01 2.466515e-01 -7.593116e-02
2.373572e-02 -9.179224e-02 4.537506e-03
4.728619e-02 -5.025227e-02 3.301823e-02
4.798609e-02 4.449761e-02 4.355400e-02
2.113279e-02 9.510818e-02 3.345640e-02
1.854710e-01 -1.020836e-01 -3.881696e-02
1.497916e-01 -2.960627e-02 4.099654e-02
1.428402e-01 2.985710e-02 4.451899e-02
1.864796e-01 1.105558e-01 -3.846578e-02
