-2.819786e-01 -9.339607e-04 7.403093e-02
-2.064744e-01 -1.622753e-03 4.197018e-02
-1.881505e-02 -1.721616e-03 1.173025e-01
4.385376e-02 -1.454160e-03 4.574977e-02
1.278497e-01 1.155218e-04 4.556440e-02
2.334652e-01 -2.345529e-03 1.057558e-03
3.937290e-01 -3.576707e-03 -7.930811e-02
-1.860748e-01 -1.114374e-01 -3.700355e-02
-1.805681e-01 1.178865e-01 -3.954996e-02
-1.665644e-01 -1.913478e-01 -3.176202e-02
-1.835741e-01 -2.592529e-01 -7.252449e-02
-1.688239e-01 1.896757e-01 -3.901129e-02
-1.914175e-01 2.518976e-01 -5.858351e-02
1.881240e-02 -9.628408e-02 7.594543e-03
4.783339e-02 -5.060882e-02 2.398937e-02
4.963714e-02 5.137510e-02 2.188291e-02
1.795015e-02 1.033275e-01 -2.024036e-03
1.901797e-01 -1.192759e-01 -4.252590e-02
1.348103e-01 -3.732873e-02 3.709996e-02
1.314504e-01 3.163556e-02 4.087654e-02
1.947196e-01 1.312768e-01 -5.482578e-02
