-2.769191e-01 -1.923101e-02 7.057505e-02
-1.863742e-01 -7.969920e-03 2.995815e-02
-2.642629e-02 -1.782558e-03 1.047087e-01
3.026401e-02 3.259681e-03 4.438396e-02
1.279122e-01 -3.343004e-03 6.784142e-02
2.291657e-01 1.856724e-03 3.365017e-04
4.098786e-01 -3.038759e-03 -1.310193e-01
-1.669923e-01 -1.038455e-01 -3.457425e-02
-1.669310e-01 1.112787e-01 -3.595879e-02
-1.424432e-01 -1.899541e-01 -3.698036e-02
-1.899218e-01 -2.684957e-01 -7.107242e-02
-1.456392e-01 2.032577e-01 -4.804319e-02
-1.917728e-01 2.708067e-01 -7.470782e-02
-5.303462e-03 -1.031063e-01 9.054446e-03
3.931052e-02 -5.606808e-02 2.318036e-02
4.072848e-02 5.993399e-02 2.252075e-02
2.142870e-04 1.076504e-01 8.608052e-03
1.886847e-01 -1.268781e-01 -4.581049e-02
1.193695e-01 -3.197054e-02 6.831706e-02
1.197830e-01 2.624621e-02 6.800174e-02
1.934124e-01 1.313935e-01 -3.931956e-02
