-2.762579e-01 -2.302699e-03 8.355986e-02
-1.830224e-01 -5.016981e-03 4.744073e-02
-1.279872e-02 -1.241301e-03 1.200317e-01
6.393312e-02 1.585443e-03 4.121590e-02
1.364251e-01 1.915061e-03 4.638280e-02
2.196107e-01 4.796714e-03 1.818824e-02
3.785955e-01 8.323518e-03 -1.048838e-01
-1.909412e-01 -1.117321e-01 -5.291837e-02
-1.848170e-01 1.094188e-01 -4.551474e-02
-1.708028e-01 -2.004191e-01 -4.667014e-02
-2.019596e-01 -2.558496e-01 -7.916691e-02
-1.646782e-01 1.925115e-01 -4.542793e-02
-1.900445e-01 2.596074e-01 -7.004103e-02
1.099771e-02 -9.750138e-02 2.305277e-02
5.352997e-02 -6.212775e-02 2.244771e-02
5.489591e-02 5.247217e-02 2.549793e-02
1.534327e-02 1.094173e-01 7.529939e-04
1.894396e-01 -1.273251e-01 -2.689328e-02
1.359182e-01 -3.521802e-02 4.533429e-02
1.340169e-01 3.454512e-02 4.092684e-02
1.826162e-01 1.241411e-01 -4.331561e-02
