-2.741234e-01 -8.809218e-03 7.906299e-02
-1.848908e-01 -8.014657e-03 6.047289e-02
-1.267299e-02 -2.941498e-03 1.201912e-01
5.441351e-02 3.063622e-03 6.086406e-02
1.457095e-01 1.730058e-03 4.603761e-02
2.332788e-01 3.670408e-03 1.672704e-03
3.773100e-01 -3.736083e-03 -8.612741e-02
-1.862559e-01 -1.041815e-01 -5.391551e-02
-1.902685e-01 1.088699e-01 -5.322192e-02
-1.705455e-01 -1.883637e-01 -3.856863e-02
-2.012211e-01 -2.489120e-01 -7.865029e-02
-1.817104e-01 1.936193e-01 -5.069550e-02
-2.023898e-01 2.555994e-01 -7.863248e-02
7.631578e-03 -1.007429e-01 1.272127e-02
5.923789e-02 -5.136607e-02 2.541705e-02
5.977976e-02 5.213713e-02 2.981901e-02
2.865042e-02 9.688846e-02 9.582823e-03
1.797656e-01 -1.167341e-01 -3.934929e-02
1.379635e-01 -4.864500e-02 3.347639e-02
1.416690e-01 4.536524e-02 3.640272e-02
1.786687e-01 1.215031e-01 -3.655973e-02
