-3.020272e-01 1.937363e-03 6.633377e-02
-2.035946e-01 1.156493e-03 5.032635e-02
3.710092e-03 -1.228353e-02 1.158631e-01
6.329612e-02 -5.923633e-03 5.282676e-02
1.341944e-01 3.122177e-03 2.809025e-02
2.112078e-01 5.785900e-03 1.196823e-03
4.052976e-01 -1.578939e-03 -4.766094e-02
-1.783245e-01 -1.166531e-01 -3.558081e-02
-1.823725e-01 1.241289e-01 -4.622266e-02
-1.640574e-01 -2.007438e-01 -3.373191e-02
-1.838924e-01 -2.630100e-01 -7.008671e-02
-1.701089e-01 1.996691e-01 -3.803046e-02
-1.800780e-01 2.578242e-01 -6.319401e-02
1.815776e-02 -9.613864e-02 2.466613e-02
5.168096e-02 -5.383856e-02 3.269404e-02
5.606501e-02 5.212377e-02 2.592445e-02
2.336695e-02 9.710391e-02 1.675093e-02
1.695573e-01 -1.274835e-01 -6.455872e-02
1.356620e-01 -2.810017e-02 2.558069e-02
1.302731e-01 2.953233e-02 2.632130e-02
1.619863e-01 1.333697e-01 -6.750840e-02
