-2.836966e-01 -4.798901e-03 6.905089e-02
-2.064067e-01 -1.360920e-03 3.047047e-02
-7.477250e-04 -5.113514e-03 8.508548e-02
3.597706e-02 4.449521e-03 4.833653e-02
1.413550e-01 8.530820e-04 5.627606e-02
2.158025e-01 3.173813e-03 1.345816e-02
3.765473e-01 1.955061e-03 -9.959844e-02
-1.690097e-01 -1.117382e-01 -2.947856e-02
-1.722211e-01 1.112706e-01 -3.130780e-02
-1.508740e-01 -1.994545e-01 -3.181346e-02
-1.905409e-01 -2.746181e-01 -7.844166e-02
-1.520501e-01 2.060687e-01 -3.718166e-02
-1.865336e-01 2.731266e-01 -7.786647e-02
1.080596e-02 -1.089938e-01 4.736635e-03
4.268976e-02 -6.545647e-02 2.366580e-02
4.519307e-02 6.188420e-02 1.996317e-02
1.241021e-02 1.052403e-01 1.183915e-02
1.839251e-01 -1.476047e-01 -3.957323e-02
1.322319e-01 -2.809639e-02 5.122491e-02
1.328680e-01 3.292737e-02 5.238938e-02
1.822745e-01 1.462863e-01 -4.123535e-02
