-2.861601e-01 -4.332738e-03 7.530560e-02
-1.561382e-01 -2.376571e-03 3.586732e-02
-1.338999e-02 -1.380903e-03 9.708643e-02
4.813790e-02 -3.798227e-03 3.182631e-02
1.462189e-01 1.465488e-03 3.891785e-02
2.230437e-01 -2.106367e-03 2.373506e-02
3.560390e-01 -2.310756e-03 -1.003673e-01
-1.741362e-01 -1.135919e-01 -3.800159e-02
-1.836854e-01 1.165366e-01 -3.097213e-02
-1.633381e-01 -2.001235e-01 -3.563064e-02
-1.829254e-01 -2.804834e-01 -6.086094e-02
-1.752457e-01 2.145851e-01 -3.946158e-02
-2.029799e-01 2.867166e-01 -7.577108e-02
9.041368e-03 -9.939609e-02 1.929075e-02
3.806415e-02 -6.667044e-02 1.241610e-02
4.055425e-02 6.318031e-02 8.629215e-03
2.023277e-03 1.020657e-01 2.517441e-02
2.003972e-01 -1.214369e-01 -3.155152e-02
1.388336e-01 -5.088142e-02 2.842895e-02
1.369803e-01 4.621573e-02 3.085491e-02
1.986653e-01 1.181239e-01 -1.491614e-02
