-2.519133e-01 -4.261031e-03 4.465075e-02
-1.799942e-01 -2.969220e-03 3.796845e-02
-1.902643e-02 4.471325e-03 1.046983e-01
4.259117e-02 6.514060e-03 3.496098e-02
1.431405e-01 -8.944747e-04 3.471485e-02
2.477236e-01 -1.335270e-03 1.838085e-02
3.885048e-01 4.984560e-04 -9.009008e-02
-1.792168e-01 -1.084925e-01 -2.867787e-02
-1.772058e-01 1.156678e-01 -2.545809e-02
-1.585639e-01 -1.977265e-01 -3.265516e-02
-1.970670e-01 -2.812623e-01 -6.595407e-02
-1.622355e-01 2.000209e-01 -3.409135e-02
-2.059525e-01 2.719027e-01 -6.509816e-02
4.534411e-03 -9.946302e-02 2.664325e-02
3.213878e-02 -6.314416e-02 1.786794e-02
3.007697e-02 7.289922e-02 1.910992e-02
-6.632677e-03 1.024066e-01 2.921924e-02
1.948925e-01 -1.285220e-01 -4.858345e-02
1.325286e-01 -3.325494e-02 3.159831e-02
1.322420e-01 3.253018e-02 3.340832e-02
1.894349e-01 1.144140e-01 -4.261294e-02
