-2.609988e-01 -9.044604e-04 6.314960e-02
-1.782071e-01 2.227527e-04 3.398719e-02
-1.039526e-02 1.558316e-03 1.070508e-01
5.094355e-02 2.191215e-03 3.632183e-02
1.524904e-01 -1.885237e-04 3.135961e-02
2.537692e-01 3.432269e-03 -6.123059e-03
3.796688e-01 5.705218e-03 -9.100306e-02
-2.001615e-01 -1.039773e-01 -4.408856e-02
-1.947923e-01 1.037924e-01 -4.065210e-02
-1.676849e-01 -2.007641e-01 -3.523276e-02
-2.011511e-01 -2.677003e-01 -6.885655e-02
-1.740050e-01 1.946293e-01 -3.277014e-02
-2.003631e-01 2.728048e-01 -7.257147e-02
8.096473e-03 -8.966671e-02 3.808822e-02
3.402375e-02 -6.163209e-02 2.253476e-02
3.527122e-02 5.388742e-02 1.281052e-02
5.904410e-03 8.558655e-02 3.434598e-02
1.954804e-01 -9.111548e-02 -2.050005e-02
1.393976e-01 -3.699778e-02 2.649796e-02
1.386843e-01 3.368564e-02 2.813229e-02
1.940289e-01 9.545085e-02 -2.248104e-02
