-2.502433e-01 -1.697078e-03 5.245025e-02
-1.717160e-01 4.406013e-04 3.855147e-02
-1.474102e-02 5.523399e-03 1.216705e-01
5.609811e-02 4.096710e-04 2.853846e-02
1.493269e-01 -8.408087e-04 3.508470e-02
2.208860e-01 -3.121139e-03 -2.024706e-02
3.488868e-01 -4.295868e-03 -6.286427e-02
-1.809374e-01 -1.245483e-01 -3.020244e-02
-1.860288e-01 1.218987e-01 -3.350961e-02
-1.636070e-01 -2.137199e-01 -3.721487e-02
-1.878010e-01 -2.945964e-01 -7.482422e-02
-1.667966e-01 2.165581e-01 -3.560488e-02
-2.013074e-01 2.853278e-01 -7.148973e-02
1.155339e-03 -9.639698e-02 2.944338e-02
3.334468e-02 -6.925895e-02 1.966459e-02
3.627670e-02 7.100501e-02 2.392487e-02
7.532801e-03 1.044260e-01 3.575777e-02
1.923386e-01 -1.165317e-01 -3.904206e-02
1.398800e-01 -3.749509e-02 2.992675e-02
1.435101e-01 3.407605e-02 3.412745e-02
1.939426e-01 1.228369e-01 -4.414106e-02
