-2.641504e-01 -2.366407e-03 6.075827e-02
-1.827697e-01 5.722197e-04 3.962164e-02
-1.094985e-02 1.639203e-03 1.066520e-01
5.247246e-02 1.404655e-03 3.979236e-02
1.438791e-01 4.326879e-04 4.973314e-02
2.310516e-01 -1.529521e-03 -5.919569e-03
3.748128e-01 -1.144450e-04 -1.274971e-01
-1.859253e-01 -1.250974e-01 -4.315047e-02
-1.760015e-01 1.205859e-01 -4.210687e-02
-1.651777e-01 -2.031563e-01 -4.475862e-02
-1.940452e-01 -2.884471e-01 -7.968183e-02
-1.635029e-01 2.034475e-01 -4.731643e-02
-1.896279e-01 2.680544e-01 -7.352437e-02
-1.452086e-03 -7.940503e-02 5.313906e-02
3.597342e-02 -6.160045e-02 1.802244e-02
4.170413e-02 6.616788e-02 1.822220e-02
-7.283365e-04 9.150823e-02 5.146927e-02
1.935222e-01 -9.219842e-02 -3.097112e-02
1.361444e-01 -3.590427e-02 4.125002e-02
1.361192e-01 3.746005e-02 4.228530e-02
1.886515e-01 9.854669e-02 -2.601931e-02
