-2.587044e-01 -3.312364e-03 5.383552e-02
-1.907132e-01 -3.449246e-03 4.224017e-02
-2.782696e-03 -3.923225e-03 1.115448e-01
5.848819e-02 -3.465858e-05 3.550214e-02
1.497216e-01 3.921310e-03 4.458114e-02
2.337958e-01 9.548036e-04 -1.405591e-02
3.705528e-01 9.408187e-03 -8.385325e-02
-1.896220e-01 -1.091718e-01 -3.761690e-02
-1.808591e-01 1.066328e-01 -3.343650e-02
-1.640615e-01 -2.046062e-01 -3.063100e-02
-1.969199e-01 -2.897477e-01 -7.519141e-02
-1.600837e-01 2.047602e-01 -3.633015e-02
-1.917650e-01 2.805575e-01 -8.117365e-02
6.085429e-03 -8.726013e-02 3.118302e-02
3.191886e-02 -5.530920e-02 1.767158e-02
3.433600e-02 5.686208e-02 1.855652e-02
3.716016e-03 8.790945e-02 3.948101e-02
1.798559e-01 -1.149831e-01 -4.465375e-02
1.362399e-01 -3.684157e-02 3.919360e-02
1.398517e-01 4.383660e-02 4.124184e-02
1.909492e-01 1.137962e-01 -3.808878e-02
