-2.716433e-01 -5.620558e-03 5.375152e-02
-1.995473e-01 -4.587731e-03 3.849584e-02
-2.741142e-02 -1.504294e-03 1.177687e-01
4.701830e-02 -1.865676e-03 4.588756e-02
1.513602e-01 1.046727e-03 3.443660e-02
2.479895e-01 8.583069e-04 -8.675135e-03
3.966538e-01 3.322123e-03 -1.038583e-01
-1.811864e-01 -9.907607e-02 -4.159167e-02
-1.855491e-01 1.081607e-01 -3.671646e-02
-1.591524e-01 -1.794190e-01 -4.611639e-02
-1.787243e-01 -2.573109e-01 -6.159098e-02
-1.674550e-01 1.871620e-01 -4.632845e-02
-1.814876e-01 2.575125e-01 -7.039967e-02
-1.030658e-02 -9.564783e-02 5.317498e-02
2.293724e-02 -6.960386e-02 3.391599e-02
2.856695e-02 6.570352e-02 2.679526e-02
-8.157742e-03 9.971051e-02 5.109567e-02
2.074146e-01 -1.205709e-01 -5.726428e-02
1.428841e-01 -3.936378e-02 3.131509e-02
1.407084e-01 4.047528e-02 3.266587e-02
1.850880e-01 1.106189e-01 -4.676183e-02
