-2.708561e-01 -1.089230e-03 6.108867e-02
-1.753551e-01 -2.229896e-03 3.570659e-02
-1.305679e-02 -6.438596e-04 1.017664e-01
5.295625e-02 6.573171e-03 2.899844e-02
1.420764e-01 1.792020e-03 4.852965e-02
2.612801e-01 6.983523e-04 9.309710e-03
3.516660e-01 9.648481e-04 -8.565397e-02
-1.816026e-01 -1.237368e-01 -2.615503e-02
-1.705146e-01 1.138201e-01 -1.357909e-02
-1.540579e-01 -2.160138e-01 -3.988825e-02
-1.915258e-01 -2.761989e-01 -6.300965e-02
-1.516310e-01 2.163179e-01 -4.048222e-02
-1.926011e-01 2.750876e-01 -7.594029e-02
-1.873815e-03 -1.048011e-01 1.659184e-02
2.679445e-02 -8.000162e-02 9.735418e-03
2.264332e-02 8.051589e-02 1.203225e-02
-6.780164e-03 1.045919e-01 2.557417e-02
1.937782e-01 -1.280683e-01 -5.192493e-02
1.338216e-01 -3.266426e-02 4.172471e-02
1.335400e-01 3.378234e-02 4.653038e-02
1.912986e-01 1.313036e-01 -4.095485e-02
