-2.931152e-01 -3.284558e-03 6.851430e-02
-1.580110e-01 -3.380283e-03 2.130344e-02
-3.332493e-02 3.752035e-03 9.092391e-02
4.998888e-02 -2.364235e-03 2.434595e-02
1.267850e-01 4.240101e-04 4.564059e-02
2.519520e-01 5.035047e-04 -8.007084e-03
3.894872e-01 -7.628186e-04 -9.549557e-02
-1.753807e-01 -1.216485e-01 -3.167851e-02
-1.809334e-01 1.253301e-01 -2.268369e-02
-1.513850e-01 -1.954991e-01 -3.314130e-02
-1.677479e-01 -2.745003e-01 -4.443156e-02
-1.659490e-01 2.149827e-01 -3.737491e-02
-1.867082e-01 2.760554e-01 -6.421790e-02
-5.036133e-03 -9.985897e-02 1.964730e-02
3.138205e-02 -6.119575e-02 1.668617e-02
3.081948e-02 6.144363e-02 2.214788e-02
-9.205712e-03 9.692230e-02 3.201517e-02
2.096714e-01 -1.327834e-01 -4.708410e-02
1.199082e-01 -5.325330e-02 2.899844e-02
1.168024e-01 5.086458e-02 3.714263e-02
2.000006e-01 1.182529e-01 -2.325117e-02
