-2.605674e-01 -4.235144e-03 5.202884e-02
-1.746641e-01 -2.070851e-03 4.400686e-02
-1.101295e-02 5.206508e-03 1.078163e-01
5.797055e-02 1.005368e-03 4.091766e-02
1.313637e-01 5.064637e-03 4.172129e-02
2.378435e-01 2.526119e-03 -5.880154e-03
3.627426e-01 -2.624932e-03 -8.182482e-02
-1.783616e-01 -1.254768e-01 -2.831946e-02
-1.735998e-01 1.298949e-01 -2.953758e-02
-1.599064e-01 -2.283065e-01 -4.359341e-02
-1.842040e-01 -2.993748e-01 -6.582036e-02
-1.617136e-01 2.108229e-01 -3.978221e-02
-1.755553e-01 2.917226e-01 -6.315601e-02
-9.188691e-03 -9.357971e-02 3.232311e-02
3.374993e-02 -6.252219e-02 1.587856e-02
3.012121e-02 7.024602e-02 1.448128e-02
-7.387737e-03 9.541166e-02 3.175862e-02
1.950462e-01 -1.165773e-01 -5.164717e-02
1.265361e-01 -3.327542e-02 3.645985e-02
1.281355e-01 4.039269e-02 3.624901e-02
1.926522e-01 1.157504e-01 -4.408016e-02
