-2.592033e-01 -3.665988e-03 3.258465e-02
-1.626156e-01 -3.287808e-03 1.734773e-02
-6.537901e-03 -3.654908e-04 9.925639e-02
4.528196e-02 -1.485602e-03 2.359887e-02
1.430847e-01 1.170549e-03 6.180375e-02
2.517207e-01 3.587562e-03 -1.270223e-03
3.713143e-01 2.672488e-04 -9.636143e-02
-1.808130e-01 -1.085749e-01 -2.234865e-02
-1.858367e-01 1.100422e-01 -2.936286e-02
-1.627190e-01 -2.018203e-01 -2.575112e-02
-2.039558e-01 -2.780508e-01 -6.005990e-02
-1.681438e-01 2.028666e-01 -2.614454e-02
-2.069034e-01 2.777335e-01 -5.805328e-02
2.611130e-03 -9.540998e-02 2.012165e-02
2.969336e-02 -5.777379e-02 1.184693e-02
3.155358e-02 6.151561e-02 9.666305e-03
-1.272661e-03 9.753524e-02 2.069530e-02
2.002712e-01 -1.336121e-01 -4.203671e-02
1.317684e-01 -3.367065e-02 5.144871e-02
1.322825e-01 3.716488e-02 5.205792e-02
1.984193e-01 1.258339e-01 -3.903950e-02
