-2.591327e-01 -1.209923e-03 7.948469e-02
-1.904998e-01 -1.111989e-03 5.626612e-02
-1.143556e-02 -6.735596e-05 1.287237e-01
5.327049e-02 1.408967e-03 4.494433e-02
1.433376e-01 3.491097e-03 4.756678e-02
2.432310e-01 2.539253e-03 -1.032291e-02
4.012195e-01 -2.293409e-03 -9.651280e-02
-1.875822e-01 -1.071748e-01 -4.508634e-02
-1.854476e-01 9.160058e-02 -4.733661e-02
-1.690867e-01 -1.829704e-01 -6.405795e-02
-1.923364e-01 -2.561118e-01 -8.737069e-02
-1.628308e-01 1.798447e-01 -5.915011e-02
-1.875437e-01 2.497447e-01 -7.993005e-02
3.908819e-03 -9.619784e-02 5.701293e-02
3.250414e-02 -6.617960e-02 3.336980e-02
3.721586e-02 6.916352e-02 3.381974e-02
6.690404e-03 1.024688e-01 5.314669e-02
1.777189e-01 -1.191389e-01 -6.159050e-02
1.327931e-01 -3.278395e-02 4.164300e-02
1.342200e-01 4.020793e-02 4.333273e-02
1.797856e-01 1.247703e-01 -6.795257e-02
