-2.330843e-01 -4.206959e-04 3.989765e-02
-1.548095e-01 -2.162653e-03 3.270131e-02
-2.313351e-02 -3.133566e-03 1.111995e-01
4.587240e-02 -1.559735e-03 3.720560e-02
1.466824e-01 -2.283325e-03 4.128758e-02
2.335926e-01 6.092772e-04 -2.715814e-03
3.787257e-01 2.295258e-03 -7.317025e-02
-1.851530e-01 -1.182492e-01 -2.876670e-02
-1.900690e-01 1.173430e-01 -4.567593e-02
-1.729591e-01 -2.021433e-01 -3.121292e-02
-1.993555e-01 -2.748516e-01 -6.395125e-02
-1.737335e-01 2.024587e-01 -2.964515e-02
-2.065252e-01 2.814457e-01 -6.690616e-02
-2.430716e-03 -9.567872e-02 3.492597e-02
2.991460e-02 -7.392117e-02 2.152567e-02
3.007016e-02 7.090934e-02 2.400248e-02
-3.442485e-03 9.520989e-02 4.113859e-02
2.005745e-01 -1.083094e-01 -5.263872e-02
1.404692e-01 -3.675443e-02 3.258336e-02
1.415868e-01 3.193461e-02 3.689680e-02
1.972075e-01 1.172620e-01 -5.868164e-02
