-2.653780e-01 2.816828e-03 6.218992e-02
-1.618972e-01 1.297073e-03 4.226048e-02
-2.080351e-02 1.301515e-03 9.830526e-02
5.436583e-02 -1.817427e-03 2.300266e-02
1.286697e-01 4.111670e-03 3.987483e-02
2.671546e-01 2.840166e-03 1.152570e-02
3.815739e-01 1.824759e-03 -9.202456e-02
-1.789896e-01 -1.197995e-01 -3.610722e-02
-1.803451e-01 1.140803e-01 -2.874626e-02
-1.704842e-01 -2.035335e-01 -3.846382e-02
-1.908770e-01 -2.689682e-01 -6.218482e-02
-1.703608e-01 1.964940e-01 -3.355502e-02
-1.854778e-01 2.639902e-01 -6.337112e-02
-7.129793e-03 -1.002418e-01 2.944136e-02
2.965369e-02 -7.839126e-02 1.281458e-02
3.211254e-02 7.481945e-02 4.827795e-03
-1.399877e-02 9.938826e-02 3.422938e-02
1.961159e-01 -1.274623e-01 -3.642537e-02
1.283087e-01 -4.233517e-02 3.537768e-02
1.277721e-01 4.995827e-02 3.453007e-02
2.000149e-01 1.296266e-01 -3.750153e-02
