-2.589155e-01 -8.320553e-03 5.221919e-02
-1.759926e-01 -8.173121e-03 4.286579e-02
2.119686e-03 -8.087915e-03 9.811120e-02
7.118200e-02 -1.512825e-03 1.740598e-02
1.466492e-01 2.848091e-03 2.883782e-02
2.351861e-01 7.672481e-03 2.360892e-02
3.774967e-01 1.655782e-02 -5.509423e-02
-2.044785e-01 -1.084341e-01 -2.843729e-02
-1.885659e-01 1.131559e-01 -3.232657e-02
-1.804215e-01 -2.008257e-01 -2.484419e-02
-2.253633e-01 -2.773848e-01 -5.910036e-02
-1.659039e-01 2.025467e-01 -3.926732e-02
-1.979347e-01 2.691360e-01 -6.261147e-02
1.527207e-02 -9.948790e-02 2.313721e-02
4.484667e-02 -7.181265e-02 5.179286e-03
4.518333e-02 6.350663e-02 2.428240e-04
1.464168e-02 8.785565e-02 2.226931e-02
1.834010e-01 -1.082418e-01 -3.276737e-02
1.408891e-01 -3.627869e-02 2.625683e-02
1.375255e-01 3.718309e-02 2.428452e-02
1.831829e-01 1.280978e-01 -2.997007e-02
