-2.459548e-01 -3.210693e-03 7.347522e-02
-1.587275e-01 -2.557041e-03 4.355068e-02
-6.518449e-03 4.327463e-03 9.297582e-02
4.246362e-02 2.458281e-03 3.031362e-02
1.229552e-01 1.145968e-03 4.138225e-02
2.563355e-01 2.956372e-03 1.241084e-02
3.978406e-01 -4.846932e-03 -7.353561e-02
-1.725483e-01 -1.298401e-01 -3.004046e-02
-1.793380e-01 1.229486e-01 -3.648817e-02
-1.554113e-01 -2.150123e-01 -3.084938e-02
-1.874573e-01 -2.846036e-01 -7.098792e-02
-1.635029e-01 2.131515e-01 -3.287589e-02
-1.933822e-01 2.850904e-01 -6.306891e-02
-8.880172e-03 -8.581693e-02 2.527061e-02
2.645638e-02 -6.092462e-02 1.449257e-02
2.980711e-02 6.236107e-02 1.222527e-02
-6.017586e-03 9.215198e-02 2.707941e-02
1.839143e-01 -1.353942e-01 -4.959076e-02
1.100234e-01 -4.472353e-02 3.109684e-02
1.122775e-01 4.169950e-02 3.376350e-02
1.956648e-01 1.386387e-01 -5.059953e-02
