-2.620359e-01 2.545136e-03 5.010143e-02
-1.623596e-01 -5.053406e-04 2.664513e-02
-2.878252e-02 -6.124993e-04 9.527703e-02
3.633435e-02 -2.503563e-03 3.746996e-02
1.451258e-01 6.314356e-04 4.352188e-02
2.605100e-01 4.252799e-03 -5.718380e-03
3.957275e-01 4.639623e-03 -8.720356e-02
-1.836408e-01 -1.070529e-01 -2.042800e-02
-1.810937e-01 1.132830e-01 -3.128763e-02
-1.579040e-01 -2.097007e-01 -3.089474e-02
-1.838503e-01 -2.763863e-01 -5.917684e-02
-1.534144e-01 1.984730e-01 -2.956779e-02
-1.869582e-01 2.727591e-01 -5.695069e-02
-1.938701e-02 -9.650743e-02 2.700848e-02
1.508194e-02 -6.557808e-02 1.918475e-02
1.718453e-02 5.857385e-02 1.597201e-02
-2.002255e-02 9.492248e-02 2.652479e-02
1.983093e-01 -1.228292e-01 -4.879601e-02
1.335435e-01 -4.000436e-02 3.825807e-02
1.363362e-01 4.071975e-02 3.917662e-02
2.012957e-01 1.308800e-01 -4.911651e-02
