-2.503599e-01 -4.661246e-03 6.072282e-02
-1.677156e-01 -5.364184e-03 3.397303e-02
-6.087693e-03 -2.398532e-03 1.064908e-01
4.334883e-02 -3.254715e-03 4.218489e-02
1.532854e-01 -8.477452e-05 4.163085e-02
2.229582e-01 -1.212996e-04 -6.159782e-03
3.785728e-01 1.807602e-03 -7.873609e-02
-1.926802e-01 -1.122196e-01 -5.737452e-02
-1.861184e-01 1.209682e-01 -3.996937e-02
-1.686490e-01 -2.057963e-01 -3.080529e-02
-1.873454e-01 -2.796628e-01 -7.203855e-02
-1.654038e-01 2.080750e-01 -3.483100e-02
-1.901859e-01 2.744228e-01 -8.670003e-02
9.176363e-03 -9.781246e-02 5.200508e-02
3.570558e-02 -6.789683e-02 2.759456e-02
3.744192e-02 6.346402e-02 3.208302e-02
4.541562e-03 9.761783e-02 5.899865e-02
1.772002e-01 -1.189464e-01 -6.069915e-02
1.389450e-01 -3.700117e-02 3.591401e-02
1.395528e-01 3.635543e-02 3.946249e-02
1.738173e-01 1.325094e-01 -6.374649e-02
