-2.499828e-01 -3.477695e-03 7.165149e-02
-1.656482e-01 -3.328927e-03 4.166198e-02
-6.003135e-03 -3.368955e-03 1.169195e-01
4.789282e-02 8.359742e-05 4.499508e-02
1.267313e-01 3.285515e-03 5.365558e-02
2.524269e-01 1.104752e-03 -2.829288e-02
3.656575e-01 3.747995e-03 -1.022628e-01
-1.877862e-01 -1.194304e-01 -5.082205e-02
-1.838923e-01 1.137766e-01 -4.347740e-02
-1.699236e-01 -2.008199e-01 -4.489443e-02
-1.956141e-01 -2.780316e-01 -7.961497e-02
-1.716792e-01 2.015811e-01 -4.718765e-02
-1.890428e-01 2.767665e-01 -8.417783e-02
6.326060e-03 -9.222323e-02 4.990825e-02
3.601046e-02 -5.481394e-02 2.417129e-02
4.165828e-02 5.251396e-02 2.458216e-02
5.771718e-03 9.573437e-02 4.702468e-02
1.995199e-01 -1.125691e-01 -4.305429e-02
1.220946e-01 -4.026982e-02 4.324226e-02
1.196831e-01 4.574230e-02 4.545415e-02
1.957995e-01 1.139969e-01 -3.948218e-02
