-2.584538e-01 -3.108832e-03 7.144652e-02
-1.766314e-01 -5.018970e-04 4.498942e-02
-1.416553e-02 3.449398e-04 1.123753e-01
4.302290e-02 3.188171e-04 2.884085e-02
1.380477e-01 -4.057398e-03 3.618932e-02
2.358153e-01 -5.417997e-03 4.622630e-03
3.883239e-01 -8.016508e-03 -9.193703e-02
-1.789869e-01 -1.150267e-01 -4.404512e-02
-1.892441e-01 1.204429e-01 -3.788797e-02
-1.543036e-01 -1.971733e-01 -4.765870e-02
-1.778215e-01 -2.738696e-01 -6.220544e-02
-1.719855e-01 1.990088e-01 -4.477672e-02
-2.021475e-01 2.833198e-01 -7.237207e-02
1.431130e-02 -9.776632e-02 3.775195e-02
3.208125e-02 -7.030191e-02 2.070238e-02
3.349506e-02 7.451380e-02 1.835486e-02
1.137120e-04 1.052742e-01 4.145533e-02
1.867976e-01 -1.112432e-01 -4.000573e-02
1.308496e-01 -3.936328e-02 2.738118e-02
1.316820e-01 3.116914e-02 3.318909e-02
1.891995e-01 1.114546e-01 -3.641008e-02
