-2.760665e-01 -4.071633e-03 7.463367e-02
-1.978565e-01 -2.433703e-03 5.055368e-02
4.705414e-03 2.126215e-03 1.210651e-01
6.665299e-02 2.409103e-03 4.501328e-02
1.413274e-01 2.048333e-03 3.058430e-02
2.228320e-01 4.800402e-04 1.868952e-02
3.687379e-01 4.606062e-04 -9.024810e-02
-1.865330e-01 -1.111309e-01 -5.022977e-02
-1.887922e-01 1.039038e-01 -5.191283e-02
-1.605773e-01 -1.959441e-01 -5.002224e-02
-1.974642e-01 -2.636524e-01 -8.077391e-02
-1.653510e-01 1.869479e-01 -4.704165e-02
-1.913444e-01 2.706012e-01 -8.190430e-02
1.849696e-02 -1.006319e-01 5.494713e-02
4.952572e-02 -7.543595e-02 2.372143e-02
5.259339e-02 7.509167e-02 2.258882e-02
1.473696e-02 1.031197e-01 5.649942e-02
1.750682e-01 -1.231100e-01 -5.302237e-02
1.371127e-01 -2.949665e-02 2.944307e-02
1.367674e-01 3.378885e-02 3.068019e-02
1.754280e-01 1.249297e-01 -5.326442e-02
