-2.603395e-01 -1.520953e-03 7.357052e-02
-1.992223e-01 -1.075228e-03 4.859600e-02
6.561312e-03 9.454344e-04 1.174938e-01
5.690105e-02 1.680263e-03 3.459092e-02
1.588674e-01 -1.546253e-03 3.658051e-02
2.160934e-01 1.253095e-03 -8.939415e-03
3.773148e-01 8.906776e-03 -7.477083e-02
-1.864475e-01 -1.129237e-01 -4.525622e-02
-1.942165e-01 1.149627e-01 -4.554595e-02
-1.793241e-01 -1.916209e-01 -5.430163e-02
-1.934847e-01 -2.621399e-01 -7.282614e-02
-1.728174e-01 1.932526e-01 -5.483278e-02
-2.015484e-01 2.631160e-01 -8.384367e-02
1.161567e-02 -9.117397e-02 5.070463e-02
4.736102e-02 -6.324069e-02 2.223899e-02
4.402117e-02 5.737199e-02 2.886048e-02
1.100346e-02 9.042165e-02 5.629145e-02
1.784019e-01 -1.104354e-01 -4.714456e-02
1.502618e-01 -4.035276e-02 2.857482e-02
1.497597e-01 3.357457e-02 3.333937e-02
1.792376e-01 1.105447e-01 -4.338024e-02
