-2.598948e-01 -2.301082e-03 6.374075e-02
-2.002267e-01 -1.655008e-03 3.982891e-02
3.568505e-03 1.771050e-03 1.215490e-01
5.971790e-02 3.483685e-03 4.983095e-02
1.528816e-01 2.956918e-03 4.365072e-02
2.417823e-01 3.206695e-03 -3.904327e-03
3.769012e-01 -3.244879e-04 -1.097428e-01
-1.946776e-01 -9.729245e-02 -4.872444e-02
-2.013838e-01 9.518267e-02 -4.818543e-02
-1.762346e-01 -1.746122e-01 -4.549390e-02
-2.015469e-01 -2.521753e-01 -8.268197e-02
-1.766422e-01 1.752746e-01 -5.041149e-02
-2.008980e-01 2.468881e-01 -7.984118e-02
1.004118e-02 -8.951550e-02 4.795830e-02
4.112474e-02 -7.077820e-02 2.813849e-02
3.996768e-02 6.635896e-02 2.365661e-02
1.222832e-02 9.226275e-02 4.912193e-02
1.941758e-01 -1.161283e-01 -4.422503e-02
1.441630e-01 -2.964941e-02 4.043548e-02
1.428649e-01 3.462866e-02 3.911125e-02
1.920876e-01 1.124179e-01 -3.381186e-02
