-2.569822e-01 -8.070621e-03 8.678597e-02
-1.791704e-01 -5.802374e-03 4.572036e-02
-1.125737e-02 -5.357691e-03 1.099022e-01
4.366757e-02 -4.345065e-03 3.221029e-02
1.442900e-01 -2.875465e-03 5.385031e-02
2.421027e-01 4.257506e-03 -1.406536e-02
3.707598e-01 8.714799e-03 -1.043005e-01
-1.879698e-01 -1.062928e-01 -4.771319e-02
-1.850047e-01 1.156740e-01 -4.501622e-02
-1.649519e-01 -1.947787e-01 -5.020613e-02
-1.979182e-01 -2.591035e-01 -6.692417e-02
-1.652650e-01 2.016365e-01 -5.950566e-02
-1.951075e-01 2.605404e-01 -8.630618e-02
2.922197e-03 -1.041176e-01 3.777018e-02
3.463853e-02 -6.719812e-02 1.695397e-02
3.507375e-02 6.969526e-02 2.232101e-02
-1.546257e-03 9.431174e-02 5.180243e-02
1.980299e-01 -1.057928e-01 -4.172896e-02
1.373801e-01 -4.484863e-02 4.572287e-02
1.375883e-01 3.680306e-02 4.834486e-02
1.987204e-01 1.169503e-01 -3.561810e-02
