-2.488693e-01 -6.195386e-03 6.183753e-02
-1.970627e-01 -6.192992e-03 4.372301e-02
1.148971e-02 -3.928457e-04 1.242815e-01
6.209032e-02 6.625373e-04 4.719783e-02
1.610071e-01 -3.108062e-03 3.816347e-02
2.413507e-01 -1.280292e-03 -3.604973e-03
3.227193e-01 -2.699951e-03 -6.354145e-02
-1.933560e-01 -1.048397e-01 -5.688906e-02
-2.007920e-01 1.068733e-01 -5.220733e-02
-1.796056e-01 -1.887927e-01 -4.884382e-02
-1.979785e-01 -2.753002e-01 -6.715028e-02
-1.788864e-01 1.953120e-01 -5.208442e-02
-2.066964e-01 2.753005e-01 -7.540088e-02
1.801661e-02 -9.618036e-02 4.744122e-02
4.549710e-02 -6.998604e-02 2.138299e-02
4.981280e-02 7.467668e-02 2.289392e-02
1.886371e-02 9.535534e-02 5.485471e-02
1.920880e-01 -1.149688e-01 -5.173993e-02
1.463113e-01 -4.088409e-02 2.981767e-02
1.469335e-01 4.135551e-02 2.938311e-02
1.870668e-01 1.212856e-01 -4.951486e-02
