-2.449331e-01 -4.908986e-03 7.801647e-02
-1.793101e-01 -4.029454e-03 5.252046e-02
-8.755417e-03 2.104363e-03 1.227596e-01
4.447764e-02 5.210574e-03 5.519385e-02
1.285086e-01 5.595503e-04 3.979575e-02
2.361825e-01 2.651074e-05 -2.454867e-03
4.158521e-01 -4.814683e-03 -9.343271e-02
-1.864556e-01 -1.151028e-01 -4.948473e-02
-1.907423e-01 1.095478e-01 -4.199531e-02
-1.518754e-01 -1.846478e-01 -4.537822e-02
-1.702325e-01 -2.717509e-01 -8.662481e-02
-1.647214e-01 1.905046e-01 -4.488922e-02
-1.796294e-01 2.779675e-01 -8.944315e-02
-7.930861e-05 -9.791590e-02 5.637903e-02
2.672711e-02 -6.730507e-02 3.376629e-02
2.828183e-02 6.771601e-02 2.723932e-02
4.203017e-03 9.977658e-02 6.039737e-02
1.797264e-01 -1.281667e-01 -7.071491e-02
1.176198e-01 -3.698031e-02 3.587577e-02
1.159313e-01 3.639486e-02 3.365401e-02
1.792241e-01 1.258142e-01 -7.117994e-02
