-2.545181e-01 7.000893e-04 5.889437e-02
-1.916170e-01 2.597753e-03 4.414063e-02
-5.263465e-03 7.697578e-05 1.196387e-01
6.000278e-02 -5.009340e-04 3.977029e-02
1.374423e-01 -1.091510e-03 3.668987e-02
2.386365e-01 4.471504e-04 -1.764698e-03
4.012465e-01 4.249346e-03 -7.809522e-02
-1.845334e-01 -1.057668e-01 -3.574472e-02
-1.883282e-01 1.132774e-01 -4.627735e-02
-1.635870e-01 -1.875072e-01 -4.244537e-02
-1.832071e-01 -2.603163e-01 -6.844957e-02
-1.801725e-01 1.947497e-01 -4.878911e-02
-2.005343e-01 2.663148e-01 -7.508561e-02
1.362645e-02 -9.787096e-02 3.923482e-02
3.654158e-02 -6.715140e-02 2.765753e-02
3.875823e-02 5.723140e-02 2.921658e-02
9.609009e-03 9.112287e-02 5.540222e-02
1.823765e-01 -1.282359e-01 -6.320894e-02
1.279340e-01 -3.849319e-02 3.113622e-02
1.285306e-01 3.484963e-02 3.464785e-02
1.770566e-01 1.213171e-01 -5.656851e-02
