-2.565762e-01 -5.496861e-03 6.643999e-02
-1.862905e-01 -4.644010e-03 5.337161e-02
1.306391e-02 -1.121250e-03 1.205562e-01
5.464434e-02 1.809564e-03 4.286372e-02
1.445362e-01 -2.461772e-03 3.659555e-02
2.196036e-01 1.345097e-05 -1.659103e-02
3.644601e-01 -1.215956e-03 -7.467536e-02
-1.952683e-01 -1.134273e-01 -4.522246e-02
-1.865218e-01 1.152655e-01 -4.771503e-02
-1.657218e-01 -2.070723e-01 -4.620166e-02
-1.928035e-01 -2.802323e-01 -7.986842e-02
-1.680768e-01 2.148250e-01 -5.433151e-02
-2.024914e-01 2.780840e-01 -8.265202e-02
1.842536e-02 -8.766502e-02 4.390361e-02
4.298736e-02 -6.115040e-02 3.092471e-02
4.161593e-02 5.664622e-02 3.079617e-02
1.760609e-02 9.180711e-02 4.728408e-02
1.817446e-01 -1.010791e-01 -4.482713e-02
1.379405e-01 -4.262844e-02 2.721275e-02
1.388138e-01 3.831797e-02 3.296541e-02
1.783083e-01 1.114259e-01 -4.082915e-02
