-2.628124e-01 -2.442888e-03 5.120921e-02
-1.973639e-01 -6.616100e-04 4.219836e-02
-1.129907e-02 2.249384e-03 1.214798e-01
5.377945e-02 1.521631e-03 4.593355e-02
1.519302e-01 -3.370552e-03 3.546110e-02
2.388647e-01 -1.556168e-03 -1.341433e-02
3.643396e-01 1.286948e-03 -8.254152e-02
-1.869279e-01 -1.172237e-01 -4.016448e-02
-1.835459e-01 1.181897e-01 -4.362558e-02
-1.611417e-01 -2.057620e-01 -3.776213e-02
-1.812378e-01 -2.779367e-01 -7.732902e-02
-1.647633e-01 2.042672e-01 -3.729165e-02
-1.907235e-01 2.699674e-01 -7.225350e-02
3.498160e-03 -8.776799e-02 5.264563e-02
3.050666e-02 -6.292832e-02 3.057078e-02
3.178944e-02 6.604467e-02 2.504311e-02
1.403486e-04 1.018708e-01 4.133389e-02
1.897426e-01 -1.044868e-01 -5.725351e-02
1.404896e-01 -3.670023e-02 3.110517e-02
1.423772e-01 3.221731e-02 3.382272e-02
1.923575e-01 1.032218e-01 -4.916762e-02
