-2.698611e-01 -6.545033e-03 7.195850e-02
-1.867820e-01 -5.410896e-03 5.917947e-02
-2.401743e-03 6.187310e-04 1.287389e-01
5.805754e-02 1.596561e-03 3.892194e-02
1.379354e-01 -2.917258e-04 5.007111e-02
2.255150e-01 7.557609e-04 -1.696863e-02
3.758653e-01 -3.446818e-03 -7.941428e-02
-1.865582e-01 -1.158399e-01 -5.263838e-02
-1.787963e-01 1.167579e-01 -5.140397e-02
-1.654902e-01 -1.921168e-01 -4.888776e-02
-1.826318e-01 -2.721625e-01 -7.837508e-02
-1.693164e-01 2.016612e-01 -5.048236e-02
-1.898608e-01 2.665651e-01 -7.872085e-02
1.439900e-02 -9.597532e-02 4.094929e-02
4.166607e-02 -5.923007e-02 3.543600e-02
4.586269e-02 5.752758e-02 2.774006e-02
1.569997e-02 9.350975e-02 4.807390e-02
1.777061e-01 -1.235165e-01 -5.689862e-02
1.272261e-01 -4.222201e-02 3.894416e-02
1.305003e-01 3.874775e-02 4.067663e-02
1.812650e-01 1.390172e-01 -6.690001e-02
