-2.593859e-01 -4.857196e-03 8.558199e-02
-1.812235e-01 -2.587733e-03 5.143917e-02
-7.711363e-03 3.096734e-04 1.223793e-01
4.142517e-02 2.203685e-04 4.628304e-02
1.452708e-01 3.340917e-03 3.731187e-02
2.276668e-01 7.976828e-04 -1.120548e-02
3.855450e-01 -1.244357e-03 -8.963455e-02
-1.918997e-01 -1.099206e-01 -5.800915e-02
-1.854639e-01 1.047140e-01 -4.505252e-02
-1.718364e-01 -1.916811e-01 -5.647717e-02
-1.979146e-01 -2.631775e-01 -8.113213e-02
-1.702255e-01 1.890301e-01 -5.322217e-02
-1.964498e-01 2.625693e-01 -7.746491e-02
8.444028e-03 -8.832866e-02 4.458333e-02
3.287205e-02 -6.156088e-02 3.254641e-02
3.589151e-02 5.833500e-02 3.090384e-02
1.204970e-02 9.087286e-02 4.814581e-02
1.981812e-01 -1.000250e-01 -3.504839e-02
1.405602e-01 -3.079350e-02 3.711933e-02
1.404037e-01 3.689338e-02 3.141665e-02
1.938005e-01 1.070932e-01 -6.046425e-02
