-2.572994e-01 -1.524893e-03 5.328239e-02
-1.940072e-01 -4.725338e-04 4.045539e-02
-9.725652e-03 6.135186e-03 1.222203e-01
4.818591e-02 4.270355e-03 3.952443e-02
1.448886e-01 -1.842947e-03 2.405214e-02
2.376942e-01 8.856161e-04 1.135961e-02
4.035209e-01 3.984878e-03 -7.816446e-02
-1.948956e-01 -1.018044e-01 -3.653774e-02
-1.893604e-01 9.667270e-02 -2.465500e-02
-1.622910e-01 -1.923148e-01 -3.903113e-02
-1.912083e-01 -2.717600e-01 -7.819979e-02
-1.614073e-01 1.865902e-01 -3.525681e-02
-1.868586e-01 2.634709e-01 -7.615891e-02
6.192961e-03 -9.244815e-02 4.407631e-02
2.921350e-02 -6.803942e-02 2.513902e-02
2.586205e-02 6.857273e-02 2.379004e-02
1.055782e-02 1.008666e-01 4.393374e-02
1.819901e-01 -1.255807e-01 -5.008404e-02
1.415999e-01 -3.181880e-02 2.606187e-02
1.399966e-01 2.864504e-02 2.353104e-02
1.773510e-01 1.275125e-01 -5.933840e-02
