-2.473996e-01 2.891150e-04 5.689578e-02
-1.715429e-01 2.340180e-04 3.883495e-02
-4.688464e-04 -2.143175e-03 1.013152e-01
6.092268e-02 1.863197e-03 2.643668e-02
1.264661e-01 -3.494022e-03 4.583606e-02
2.143858e-01 -5.429554e-04 5.447200e-03
3.742598e-01 -1.085873e-03 -6.405225e-02
-1.840296e-01 -1.191918e-01 -2.496693e-02
-1.875755e-01 1.209360e-01 -3.050635e-02
-1.650056e-01 -2.056485e-01 -2.260009e-02
-1.945187e-01 -2.880525e-01 -7.629020e-02
-1.747801e-01 2.017197e-01 -2.713903e-02
-2.035230e-01 2.900592e-01 -7.691192e-02
2.148269e-02 -9.080928e-02 2.716505e-02
4.306541e-02 -6.781738e-02 7.641855e-03
4.207937e-02 7.373533e-02 7.899083e-03
2.098779e-02 9.690807e-02 3.044291e-02
2.024225e-01 -1.407406e-01 -5.176872e-02
1.163490e-01 -4.543845e-02 3.163227e-02
1.137087e-01 4.021450e-02 3.813224e-02
1.927140e-01 1.390054e-01 -4.344382e-02
