-2.555622e-01 -8.829446e-04 4.172377e-02
-1.898273e-01 -3.712590e-03 2.606002e-02
-1.424577e-02 1.710477e-03 1.081509e-01
4.939345e-02 2.365561e-03 4.294438e-02
1.322835e-01 -2.340215e-03 4.970578e-02
2.797995e-01 -1.799265e-03 6.790432e-04
3.748374e-01 -3.582461e-03 -1.063670e-01
-1.842244e-01 -1.201611e-01 -4.092423e-02
-1.821359e-01 1.085826e-01 -3.665448e-02
-1.612682e-01 -1.841835e-01 -2.879269e-02
-1.954700e-01 -2.622408e-01 -5.933102e-02
-1.672340e-01 1.898601e-01 -3.293759e-02
-1.988071e-01 2.577306e-01 -6.371451e-02
4.571330e-03 -1.002186e-01 3.048333e-02
3.063626e-02 -7.421588e-02 1.939671e-02
2.908819e-02 8.306378e-02 2.140316e-02
2.203816e-04 1.081979e-01 3.708552e-02
2.008916e-01 -1.200424e-01 -5.129363e-02
1.212411e-01 -4.092063e-02 4.035314e-02
1.216989e-01 3.321966e-02 4.441643e-02
2.041132e-01 1.295697e-01 -4.238707e-02
