-2.645545e-01 -2.962911e-03 5.357728e-02
-1.964957e-01 -4.095666e-03 4.455033e-02
-1.269546e-02 -6.717057e-04 9.946495e-02
4.411101e-02 2.149171e-03 3.562980e-02
1.474213e-01 4.064998e-03 3.006201e-02
2.163068e-01 5.847404e-03 2.375628e-03
3.879572e-01 3.515071e-03 -8.001655e-02
-1.871299e-01 -1.274513e-01 -3.098845e-02
-1.753369e-01 1.160832e-01 -3.114703e-02
-1.606207e-01 -2.015195e-01 -3.254924e-02
-1.849328e-01 -2.763598e-01 -7.115950e-02
-1.617930e-01 1.999286e-01 -3.506682e-02
-1.798342e-01 2.769389e-01 -7.201468e-02
3.743031e-03 -1.019022e-01 4.045870e-02
3.111803e-02 -7.073964e-02 2.127228e-02
2.941399e-02 7.529320e-02 2.203010e-02
4.396966e-03 1.050603e-01 4.425261e-02
1.895292e-01 -1.254205e-01 -4.964720e-02
1.398517e-01 -3.483166e-02 2.623627e-02
1.395453e-01 3.734639e-02 2.602705e-02
1.899986e-01 1.197277e-01 -4.334756e-02
