-2.743056e-01 -5.936913e-03 6.374449e-02
-2.015253e-01 -5.475462e-03 4.662064e-02
-4.065079e-03 -1.732361e-03 1.218931e-01
6.443971e-02 -1.452137e-03 4.606517e-02
1.531066e-01 4.367068e-03 3.345601e-02
2.266853e-01 7.958214e-03 -1.434545e-03
3.834625e-01 4.576351e-03 -7.025690e-02
-2.017888e-01 -1.067958e-01 -3.697167e-02
-1.835691e-01 9.706466e-02 -3.816632e-02
-1.811259e-01 -1.840395e-01 -3.723785e-02
-2.067685e-01 -2.609606e-01 -8.869863e-02
-1.651587e-01 1.836132e-01 -3.159699e-02
-1.876235e-01 2.530659e-01 -8.926533e-02
1.620579e-02 -9.938285e-02 3.978862e-02
4.066407e-02 -6.260193e-02 2.208077e-02
4.582007e-02 5.583562e-02 2.536857e-02
1.888021e-02 9.489832e-02 4.440755e-02
1.876799e-01 -1.052402e-01 -4.678956e-02
1.441073e-01 -2.090236e-02 3.268804e-02
1.427304e-01 3.133048e-02 3.106278e-02
1.821486e-01 1.218104e-01 -6.675795e-02
