-2.667444e-01 -1.570519e-03 6.225661e-02
-1.714220e-01 -1.328805e-03 3.827173e-02
-4.303949e-03 -2.877792e-04 1.034567e-01
5.419965e-02 1.033154e-03 3.964499e-02
1.328662e-01 -1.359058e-03 5.146975e-02
2.316963e-01 2.390016e-03 -1.391189e-02
3.565547e-01 5.865018e-03 -7.944116e-02
-1.796425e-01 -1.135115e-01 -3.299448e-02
-1.742002e-01 1.135254e-01 -3.330552e-02
-1.676742e-01 -2.072641e-01 -4.091522e-02
-2.045110e-01 -2.771833e-01 -6.997531e-02
-1.611927e-01 1.941811e-01 -3.466422e-02
-2.023356e-01 2.739560e-01 -8.620911e-02
1.385824e-02 -9.456327e-02 2.738068e-02
3.958153e-02 -6.776563e-02 2.188224e-02
4.173124e-02 6.975941e-02 2.280102e-02
1.798818e-02 1.020464e-01 2.878879e-02
1.951402e-01 -1.424021e-01 -6.053556e-02
1.271875e-01 -5.019575e-02 4.576002e-02
1.284268e-01 4.317019e-02 5.010552e-02
1.927960e-01 1.515050e-01 -3.986555e-02
