-2.643319e-01 4.563981e-03 5.175123e-02
-2.024441e-01 2.241997e-03 5.102762e-02
-8.873585e-03 2.234249e-03 1.389668e-01
6.341587e-02 1.077465e-03 3.729238e-02
1.401560e-01 -8.970839e-04 3.709147e-02
2.450176e-01 5.561859e-04 2.604769e-03
3.575433e-01 8.917069e-04 -6.260992e-02
-1.827887e-01 -1.033784e-01 -4.465972e-02
-1.825289e-01 1.023673e-01 -4.117209e-02
-1.583536e-01 -1.950879e-01 -3.449698e-02
-1.985734e-01 -2.671813e-01 -6.102909e-02
-1.609126e-01 1.847927e-01 -3.717391e-02
-2.072541e-01 2.669565e-01 -6.531930e-02
6.703988e-03 -9.836339e-02 2.354724e-02
4.035157e-02 -5.632488e-02 1.695661e-02
3.590083e-02 5.816040e-02 2.229069e-02
-1.633276e-03 1.035879e-01 2.730150e-02
2.130428e-01 -1.343021e-01 -6.866134e-02
1.288771e-01 -4.338022e-02 2.671781e-02
1.297731e-01 4.350298e-02 3.283188e-02
2.069123e-01 1.279819e-01 -5.325767e-02
