-2.608271e-01 -6.669579e-03 6.379313e-02
-1.911746e-01 -5.553059e-03 4.741877e-02
1.425727e-02 7.761790e-05 1.388665e-01
8.233393e-02 7.958903e-04 4.504952e-02
1.451933e-01 5.757960e-04 3.610643e-02
2.264580e-01 2.316509e-03 -1.247422e-03
3.685658e-01 2.436378e-03 -5.159622e-02
-2.018043e-01 -9.543126e-02 -4.506514e-02
-1.997631e-01 9.101949e-02 -4.635126e-02
-1.863656e-01 -1.690969e-01 -3.985446e-02
-2.127737e-01 -2.533980e-01 -8.250502e-02
-1.876090e-01 1.751793e-01 -4.841824e-02
-2.074093e-01 2.443159e-01 -8.186062e-02
2.397324e-02 -9.893731e-02 3.701594e-02
5.582380e-02 -5.316065e-02 2.216773e-02
5.917273e-02 7.165453e-02 2.091643e-02
2.601969e-02 9.910971e-02 4.514863e-02
1.882287e-01 -1.420288e-01 -6.464779e-02
1.364761e-01 -4.671029e-02 2.811049e-02
1.359283e-01 4.570410e-02 3.187345e-02
1.852960e-01 1.378007e-01 -5.492087e-02
