-2.384152e-01 3.200061e-03 6.628728e-02
-1.508356e-01 5.851375e-03 4.854784e-02
-1.985199e-02 7.643327e-03 1.087531e-01
4.763476e-02 9.318747e-03 3.999426e-02
1.322934e-01 4.192051e-03 4.093185e-02
2.375069e-01 -2.278186e-02 1.280510e-02
3.856301e-01 -2.804246e-02 -7.286814e-02
-1.631036e-01 -1.232461e-01 -2.735605e-02
-1.863762e-01 1.256560e-01 -2.540585e-02
-1.475741e-01 -2.228546e-01 -4.738865e-02
-1.630453e-01 -2.875776e-01 -7.823163e-02
-1.871151e-01 2.200543e-01 -4.610933e-02
-2.187193e-01 2.801685e-01 -7.654142e-02
1.093741e-02 -7.718877e-02 3.511256e-02
3.040456e-02 -5.536989e-02 1.304683e-02
2.804587e-02 7.892778e-02 2.281351e-02
2.487630e-03 1.031914e-01 3.839104e-02
1.613596e-01 -1.531678e-01 -8.023357e-02
1.222347e-01 -3.522351e-02 2.663838e-02
1.260966e-01 3.565191e-02 4.252703e-02
1.904048e-01 1.315972e-01 -4.171411e-02
