-2.472728e-01 -6.610370e-04 6.071482e-02
-1.946370e-01 1.826673e-03 5.561962e-02
1.019442e-02 6.082330e-04 1.273615e-01
7.063852e-02 1.803454e-03 4.834351e-02
1.416924e-01 -9.057577e-05 3.674995e-02
2.242698e-01 7.847009e-05 1.006352e-02
3.805580e-01 -9.411056e-04 -8.850306e-02
-1.938365e-01 -1.022074e-01 -4.942982e-02
-1.928407e-01 9.513050e-02 -4.911783e-02
-1.706114e-01 -1.899948e-01 -4.042102e-02
-2.032072e-01 -2.635407e-01 -8.688024e-02
-1.782230e-01 1.899870e-01 -4.323726e-02
-2.162524e-01 2.602322e-01 -8.529171e-02
2.194602e-02 -9.304361e-02 3.352453e-02
4.590525e-02 -5.391234e-02 2.750720e-02
5.337377e-02 6.283026e-02 2.799220e-02
2.712020e-02 9.729172e-02 4.073050e-02
1.786654e-01 -1.317074e-01 -4.886361e-02
1.290415e-01 -2.562916e-02 3.341852e-02
1.302181e-01 2.463009e-02 3.513873e-02
1.832575e-01 1.273096e-01 -4.542000e-02
