-2.383459e-01 -5.451046e-03 5.809596e-02
-1.825484e-01 -4.603407e-03 3.685443e-02
-2.820960e-02 6.523280e-04 1.038515e-01
4.103947e-02 1.936706e-03 3.339004e-02
1.498451e-01 -4.055526e-04 3.068317e-02
2.362303e-01 3.291802e-03 1.145103e-02
3.845394e-01 1.485325e-03 -9.043377e-02
-1.759058e-01 -1.137343e-01 -3.603682e-02
-1.746583e-01 1.234341e-01 -2.977365e-02
-1.615427e-01 -2.045520e-01 -3.431152e-02
-1.960700e-01 -2.817097e-01 -6.376545e-02
-1.671257e-01 2.066567e-01 -3.547672e-02
-2.004167e-01 2.769772e-01 -6.921231e-02
1.639750e-03 -9.224749e-02 2.961480e-02
2.030846e-02 -6.111074e-02 2.104733e-02
2.303307e-02 6.044761e-02 1.638240e-02
3.696191e-03 9.304462e-02 3.080801e-02
1.962324e-01 -1.321936e-01 -3.898883e-02
1.379411e-01 -3.199874e-02 3.049341e-02
1.392785e-01 2.869416e-02 3.144689e-02
1.910394e-01 1.313861e-01 -3.611991e-02
