-2.747218e-01 -5.259624e-03 5.646046e-02
-2.202751e-01 -4.506414e-03 4.362318e-02
2.464612e-02 2.267721e-03 1.266944e-01
8.319682e-02 4.621321e-03 3.856494e-02
1.441865e-01 6.706414e-03 4.478136e-02
2.329783e-01 -3.021745e-03 -8.459255e-03
3.736595e-01 -7.070746e-03 -4.284281e-02
-2.051347e-01 -1.012198e-01 -4.533524e-02
-2.040285e-01 9.513420e-02 -3.828826e-02
-1.881401e-01 -1.738405e-01 -3.589920e-02
-2.039795e-01 -2.444969e-01 -7.456657e-02
-1.925509e-01 1.718114e-01 -3.482989e-02
-2.081506e-01 2.380301e-01 -7.261815e-02
3.010985e-02 -9.017504e-02 3.138574e-02
5.325729e-02 -6.542452e-02 8.833659e-03
5.868064e-02 6.345512e-02 1.471656e-02
3.752569e-02 9.795051e-02 3.072562e-02
1.834636e-01 -1.146884e-01 -5.522288e-02
1.398106e-01 -4.032106e-02 3.245075e-02
1.396148e-01 5.061112e-02 3.506837e-02
1.958515e-01 1.194368e-01 -5.524276e-02
