-2.486461e-01 7.830636e-04 4.868614e-02
-1.984636e-01 3.796559e-04 4.485102e-02
-1.325277e-03 3.481014e-03 1.323959e-01
6.827172e-02 4.357072e-03 4.782199e-02
1.299324e-01 3.241626e-03 4.200983e-02
2.429738e-01 -3.360773e-03 -4.724392e-03
4.010025e-01 -9.916978e-03 -6.293680e-02
-2.011161e-01 -8.971555e-02 -4.327369e-02
-1.984786e-01 8.471667e-02 -3.922248e-02
-1.750354e-01 -1.693328e-01 -3.206935e-02
-1.973698e-01 -2.535536e-01 -8.126465e-02
-1.874699e-01 1.751565e-01 -3.191185e-02
-2.156316e-01 2.427654e-01 -7.596520e-02
1.805100e-02 -8.833518e-02 3.834667e-02
4.725798e-02 -5.280813e-02 1.722938e-02
5.259834e-02 5.952493e-02 2.219912e-02
1.691264e-02 9.803029e-02 4.555965e-02
1.977597e-01 -1.293323e-01 -6.630323e-02
1.258931e-01 -4.300703e-02 3.135339e-02
1.266502e-01 4.369606e-02 3.332697e-02
1.962327e-01 1.232302e-01 -6.610841e-02
