-2.584189e-01 2.559897e-04 4.515949e-02
-2.070844e-01 -2.380297e-03 3.784281e-02
1.729188e-02 3.423724e-05 1.570935e-01
8.100417e-02 -8.196764e-04 6.055641e-02
1.502169e-01 -1.443944e-03 3.635088e-02
2.288227e-01 -9.015182e-04 -3.628527e-03
3.608302e-01 5.750977e-03 -4.392666e-02
-2.014528e-01 -8.669979e-02 -4.276425e-02
-2.012287e-01 9.235671e-02 -4.481315e-02
-1.782444e-01 -1.760590e-01 -2.875905e-02
-2.134458e-01 -2.528832e-01 -7.782081e-02
-1.865914e-01 1.796724e-01 -3.431654e-02
-2.196605e-01 2.468559e-01 -7.650127e-02
2.477431e-02 -9.874910e-02 2.840137e-02
5.426915e-02 -6.378388e-02 1.053239e-02
5.487794e-02 6.737744e-02 1.301152e-02
2.797732e-02 9.979936e-02 2.799567e-02
1.947167e-01 -1.204850e-01 -6.037560e-02
1.408604e-01 -5.210868e-02 2.668828e-02
1.410263e-01 4.349100e-02 3.155629e-02
1.894591e-01 1.207200e-01 -6.228273e-02
