-2.451440e-01 8.075515e-03 8.015741e-02
-1.539981e-01 2.627218e-03 4.998810e-02
-1.127151e-03 6.317662e-03 9.564070e-02
5.901033e-02 -6.967131e-04 1.402699e-02
1.229337e-01 -2.732110e-03 3.617834e-02
2.574539e-01 1.915018e-03 1.732402e-02
3.681411e-01 1.922891e-03 -7.463630e-02
-1.877728e-01 -1.325730e-01 -1.373249e-02
-1.831833e-01 1.315450e-01 -3.785516e-02
-1.556545e-01 -2.170944e-01 -4.617328e-02
-1.988139e-01 -2.890320e-01 -6.971469e-02
-1.662274e-01 2.114426e-01 -4.385929e-02
-2.030875e-01 2.793630e-01 -6.597833e-02
3.807349e-03 -9.176505e-02 1.851924e-02
2.705926e-02 -6.692769e-02 5.525014e-03
3.066902e-02 7.222718e-02 4.228045e-03
-5.875445e-03 9.738575e-02 1.920237e-02
2.019866e-01 -1.338579e-01 -3.786558e-02
1.199708e-01 -3.811948e-02 2.690783e-02
1.181982e-01 3.171948e-02 3.193242e-02
1.916538e-01 1.282570e-01 -9.815370e-03
