-2.808513e-01 -4.583833e-03 3.983709e-02
-1.985387e-01 -2.032716e-03 3.240146e-02
-5.079841e-03 -1.893072e-03 1.103311e-01
6.514213e-02 -3.023856e-03 4.064356e-02
1.484353e-01 3.722650e-03 4.161186e-02
2.338464e-01 4.294360e-03 1.254484e-02
3.790856e-01 8.850224e-03 -7.321480e-02
-1.915324e-01 -1.144016e-01 -3.951242e-02
-1.846477e-01 1.106647e-01 -3.632741e-02
-1.770507e-01 -1.926124e-01 -3.708272e-02
-1.858741e-01 -2.535779e-01 -5.762662e-02
-1.691089e-01 1.959462e-01 -3.478263e-02
-1.863543e-01 2.533844e-01 -7.010764e-02
1.620295e-02 -9.836829e-02 4.735218e-02
4.237686e-02 -7.440085e-02 2.165961e-02
3.268240e-02 8.369848e-02 3.566011e-02
3.214595e-02 8.275333e-02 3.650973e-02
1.765231e-01 -1.466026e-01 -7.541212e-02
1.396565e-01 -4.238058e-02 3.635863e-02
1.401061e-01 4.535750e-02 3.507944e-02
1.728347e-01 1.452059e-01 -6.592328e-02
