-2.606345e-01 -3.576982e-03 5.778616e-02
-2.010622e-01 -5.162733e-03 3.863653e-02
6.832504e-03 3.157574e-03 1.395795e-01
6.982643e-02 1.118707e-03 5.318742e-02
1.412164e-01 1.126399e-03 4.176518e-02
2.293993e-01 2.299067e-03 -2.238411e-02
3.940355e-01 7.641043e-04 -6.223571e-02
-1.984239e-01 -9.457564e-02 -4.573383e-02
-1.940644e-01 9.462516e-02 -4.346031e-02
-1.747806e-01 -1.798476e-01 -4.157886e-02
-2.026549e-01 -2.546064e-01 -8.452277e-02
-1.792878e-01 1.792192e-01 -4.191137e-02
-1.999778e-01 2.512225e-01 -8.122676e-02
2.145193e-02 -8.987473e-02 4.413652e-02
5.183481e-02 -5.525289e-02 3.247334e-02
5.465532e-02 5.605765e-02 2.813540e-02
2.864299e-02 8.901460e-02 4.862257e-02
1.794320e-01 -1.312917e-01 -5.966186e-02
1.297352e-01 -3.717819e-02 3.547841e-02
1.295912e-01 3.269320e-02 3.741605e-02
1.742325e-01 1.400687e-01 -7.450148e-02
