-2.616042e-01 -5.514916e-03 4.749235e-02
-1.847508e-01 -4.359831e-03 3.744844e-02
-1.401615e-02 1.312126e-03 1.040972e-01
4.646257e-02 -6.505434e-06 2.598753e-02
1.219689e-01 1.188517e-03 3.849686e-02
2.597337e-01 3.081674e-03 1.565963e-02
4.153956e-01 -2.445688e-03 -8.058757e-02
-1.742921e-01 -1.146214e-01 -2.506524e-02
-1.736012e-01 1.150208e-01 -2.463539e-02
-1.605248e-01 -1.937895e-01 -3.172790e-02
-1.947724e-01 -2.605914e-01 -6.275425e-02
-1.653213e-01 1.922108e-01 -3.030964e-02
-1.999718e-01 2.626067e-01 -6.352799e-02
-1.731843e-03 -1.072678e-01 3.953253e-02
3.554255e-02 -7.603755e-02 5.812451e-03
3.762626e-02 7.561153e-02 9.470773e-03
3.666805e-03 1.103774e-01 4.090199e-02
1.914230e-01 -1.221513e-01 -5.385668e-02
1.136157e-01 -3.612267e-02 3.391270e-02
1.130825e-01 3.685703e-02 3.321283e-02
1.920689e-01 1.246418e-01 -5.956061e-02
