-2.865176e-01 -6.495855e-03 7.127822e-02
-1.930751e-01 -1.743465e-03 3.610350e-02
-1.931163e-03 6.221812e-03 1.243605e-01
5.723461e-02 7.825201e-03 5.646068e-02
1.493048e-01 -3.781617e-03 3.400219e-02
2.377360e-01 -1.645023e-03 -7.255275e-03
3.717863e-01 -5.264422e-03 -8.547896e-02
-1.909381e-01 -1.047489e-01 -4.930461e-02
-1.925519e-01 9.736671e-02 -5.002673e-02
-1.721529e-01 -1.784846e-01 -4.698300e-02
-1.982093e-01 -2.537221e-01 -7.628889e-02
-1.790915e-01 1.825130e-01 -4.358074e-02
-2.017245e-01 2.467462e-01 -7.431473e-02
1.504788e-02 -8.917035e-02 4.396212e-02
4.555187e-02 -5.634528e-02 2.634404e-02
5.124560e-02 6.670733e-02 2.529271e-02
1.374658e-02 9.598178e-02 4.773455e-02
1.926077e-01 -1.109418e-01 -4.185940e-02
1.434939e-01 -4.047411e-02 2.402320e-02
1.457149e-01 3.249284e-02 3.123868e-02
1.927219e-01 1.169627e-01 -4.570802e-02
