-2.599211e-01 -7.229736e-03 4.818486e-02
-1.541454e-01 -3.456440e-03 3.472566e-02
-1.614821e-02 3.812017e-04 1.008985e-01
4.252033e-02 -1.463807e-03 3.839306e-02
1.255216e-01 -2.065785e-04 5.177060e-02
2.214013e-01 2.346453e-03 -7.385526e-03
4.231915e-01 -3.661504e-03 -7.955431e-02
-1.745002e-01 -1.120186e-01 -2.939734e-02
-1.800280e-01 1.200890e-01 -2.849570e-02
-1.568795e-01 -1.998786e-01 -2.918473e-02
-1.852988e-01 -2.842347e-01 -6.179374e-02
-1.620781e-01 2.067275e-01 -2.754302e-02
-1.950260e-01 2.785924e-01 -6.862370e-02
-6.669414e-04 -8.173786e-02 3.398513e-02
2.268504e-02 -6.173591e-02 1.860227e-02
2.325832e-02 6.264003e-02 1.614828e-02
-2.495458e-03 8.423741e-02 3.450350e-02
1.937998e-01 -1.272001e-01 -7.079294e-02
1.163034e-01 -3.464790e-02 4.571668e-02
1.190269e-01 2.903985e-02 4.681446e-02
1.994797e-01 1.334179e-01 -6.697201e-02
