-2.645052e-01 -7.498021e-03 5.014918e-02
-1.847634e-01 -3.243438e-03 2.884828e-02
-2.160611e-02 3.155188e-03 9.686965e-02
4.480262e-02 2.053462e-03 3.327395e-02
1.438013e-01 2.768749e-03 3.512310e-02
2.730510e-01 -4.046461e-03 1.336155e-03
4.046744e-01 -8.984960e-03 -8.929312e-02
-1.845551e-01 -1.145938e-01 -3.091325e-02
-1.813655e-01 1.108303e-01 -2.272914e-02
-1.525051e-01 -1.947674e-01 -2.492949e-02
-1.798861e-01 -2.674313e-01 -5.534887e-02
-1.632829e-01 2.081281e-01 -2.509171e-02
-2.061521e-01 2.801095e-01 -6.640599e-02
-4.687336e-03 -9.905606e-02 1.862389e-02
2.594351e-02 -5.917942e-02 1.008174e-02
1.745771e-02 6.634352e-02 1.455023e-02
-1.339482e-02 9.437978e-02 3.171688e-02
1.949462e-01 -9.728417e-02 -3.283661e-02
1.307430e-01 -3.120318e-02 2.780370e-02
1.327930e-01 3.064475e-02 3.259103e-02
1.884910e-01 8.887485e-02 -3.341960e-02
