-2.672809e-01 -8.775602e-03 4.737435e-02
-1.929294e-01 -5.681792e-03 3.292753e-02
-1.395197e-02 -3.589061e-03 1.249228e-01
5.401149e-02 -1.585962e-04 5.096275e-02
1.469965e-01 2.625827e-03 3.568476e-02
2.340397e-01 2.297103e-03 -7.725678e-03
3.666738e-01 1.193723e-03 -9.787101e-02
-1.908310e-01 -9.449800e-02 -4.113963e-02
-1.891494e-01 1.021574e-01 -4.149608e-02
-1.675195e-01 -1.890379e-01 -2.897785e-02
-1.881507e-01 -2.673151e-01 -7.487003e-02
-1.669348e-01 1.931268e-01 -2.961451e-02
-1.962874e-01 2.669121e-01 -8.236736e-02
7.547454e-03 -9.234616e-02 3.597893e-02
3.271595e-02 -6.416524e-02 2.514726e-02
3.835362e-02 6.893048e-02 2.702725e-02
8.705464e-03 9.197382e-02 4.324139e-02
2.014460e-01 -1.296501e-01 -4.367523e-02
1.446594e-01 -3.592584e-02 3.277153e-02
1.440808e-01 4.165297e-02 3.320068e-02
1.938048e-01 1.202732e-01 -4.150182e-02
