-2.589199e-01 -2.382143e-03 4.174782e-02
-1.883932e-01 -3.021042e-04 2.625918e-02
-9.959246e-03 -7.478915e-05 9.575491e-02
4.742614e-02 8.580728e-04 3.163303e-02
1.428614e-01 -5.051522e-03 3.528288e-02
2.387029e-01 -4.461095e-03 7.179369e-03
3.460218e-01 -1.058173e-03 -5.435434e-02
-1.829781e-01 -1.220359e-01 -2.495975e-02
-1.860094e-01 1.304177e-01 -2.689333e-02
-1.600024e-01 -2.050758e-01 -2.531947e-02
-1.770740e-01 -2.828228e-01 -5.262348e-02
-1.721148e-01 2.113446e-01 -3.699285e-02
-1.965999e-01 2.782607e-01 -6.034665e-02
5.432088e-03 -9.722668e-02 3.388314e-02
3.539624e-02 -7.629775e-02 1.553516e-02
3.652937e-02 8.013155e-02 1.882789e-02
1.715605e-03 1.043130e-01 3.574009e-02
2.030670e-01 -1.404511e-01 -7.548313e-02
1.351925e-01 -3.676163e-02 2.849540e-02
1.374113e-01 2.684295e-02 3.482062e-02
2.022947e-01 1.418329e-01 -4.818649e-02
