-2.518588e-01 -4.280643e-03 5.428219e-02
-2.129856e-01 -2.580150e-03 4.818055e-02
-1.098406e-02 4.103214e-03 1.300919e-01
5.720373e-02 2.600762e-03 5.921849e-02
1.515616e-01 2.813003e-03 3.246355e-02
2.136776e-01 6.504380e-04 -9.564229e-03
3.889009e-01 -3.791157e-03 -9.500628e-02
-1.867476e-01 -1.088193e-01 -5.679542e-02
-1.835840e-01 1.001808e-01 -4.287590e-02
-1.545155e-01 -1.968925e-01 -4.142008e-02
-1.873610e-01 -2.749577e-01 -7.434849e-02
-1.591440e-01 1.916505e-01 -4.051192e-02
-1.915100e-01 2.718641e-01 -7.884405e-02
8.182281e-04 -8.892832e-02 4.273458e-02
3.495924e-02 -5.477418e-02 3.148747e-02
3.950039e-02 6.313594e-02 3.181349e-02
3.981708e-03 9.959955e-02 4.802107e-02
1.732573e-01 -1.315880e-01 -5.348721e-02
1.487417e-01 -3.164736e-02 2.853818e-02
1.486205e-01 3.721117e-02 2.964968e-02
1.774677e-01 1.244498e-01 -4.362762e-02
