-2.919366e-01 -3.793225e-03 5.226214e-02
-2.050814e-01 -2.543094e-03 4.102386e-02
-1.836992e-02 -2.108038e-03 1.336260e-01
5.074613e-02 8.552997e-04 6.105054e-02
1.403407e-01 3.425194e-05 4.341896e-02
2.366927e-01 7.313609e-04 -3.701587e-03
4.008256e-01 1.231533e-03 -1.146537e-01
-1.771385e-01 -1.026412e-01 -4.612371e-02
-1.771425e-01 1.045034e-01 -3.363820e-02
-1.502805e-01 -1.866720e-01 -5.003580e-02
-1.783528e-01 -2.602791e-01 -7.190537e-02
-1.559283e-01 1.870895e-01 -5.134444e-02
-1.767438e-01 2.543908e-01 -7.560236e-02
4.790095e-03 -9.021533e-02 4.880583e-02
2.689112e-02 -6.095496e-02 3.941748e-02
3.370301e-02 6.421824e-02 3.577044e-02
4.695125e-03 9.319714e-02 5.040364e-02
1.807944e-01 -1.279737e-01 -6.574196e-02
1.359699e-01 -3.464222e-02 3.851901e-02
1.363748e-01 3.191447e-02 4.060770e-02
1.791509e-01 1.336568e-01 -7.215849e-02
