-2.574837e-01 -9.658173e-03 5.893382e-02
-1.848835e-01 -5.541474e-03 3.828795e-02
-1.864021e-02 1.978573e-04 1.116935e-01
5.358673e-02 2.980203e-03 4.207192e-02
1.210984e-01 1.281467e-03 5.209246e-02
2.567634e-01 6.626649e-03 -2.306765e-02
4.032009e-01 2.193122e-03 -1.165689e-01
-1.913538e-01 -1.091159e-01 -4.136251e-02
-1.857746e-01 1.026772e-01 -3.807984e-02
-1.741594e-01 -1.860415e-01 -4.969744e-02
-1.985839e-01 -2.491382e-01 -6.391120e-02
-1.718694e-01 1.887595e-01 -5.469745e-02
-1.929869e-01 2.554272e-01 -6.763987e-02
1.120708e-02 -9.564502e-02 4.732954e-02
4.242999e-02 -7.064742e-02 1.891256e-02
4.327008e-02 7.177804e-02 1.377403e-02
4.677134e-03 9.598367e-02 4.968347e-02
2.031450e-01 -1.066697e-01 -3.561668e-02
1.196898e-01 -4.565288e-02 4.417327e-02
1.183621e-01 4.562905e-02 4.376206e-02
1.983049e-01 1.045763e-01 -3.007308e-02
