-2.914513e-01 -4.848253e-03 6.070815e-02
-2.031601e-01 5.584338e-03 2.922518e-02
-3.521511e-02 6.429541e-03 1.287391e-01
4.100913e-02 3.178933e-03 7.580941e-02
1.510214e-01 1.516628e-03 3.905326e-02
1.990531e-01 1.724121e-03 -8.914485e-03
3.711506e-01 -2.759124e-03 -7.646622e-02
-1.613807e-01 -1.127212e-01 -4.078050e-02
-1.630649e-01 1.091236e-01 -4.245482e-02
-1.528803e-01 -1.954289e-01 -4.473658e-02
-1.809421e-01 -2.689539e-01 -7.527350e-02
-1.545593e-01 2.007771e-01 -5.082779e-02
-1.835601e-01 2.664679e-01 -7.188887e-02
1.579377e-02 -1.217535e-01 2.618206e-02
5.089461e-02 -7.949303e-02 3.571345e-02
5.188930e-02 7.126431e-02 4.036042e-02
1.482762e-02 1.172243e-01 3.612010e-02
1.749169e-01 -1.588866e-01 -6.660426e-02
1.426855e-01 -2.900901e-02 3.630662e-02
1.455784e-01 3.082798e-02 3.466460e-02
1.673936e-01 1.597346e-01 -6.493530e-02
