-3.152418e-01 4.244300e-03 5.619567e-02
-1.836454e-01 3.816183e-03 2.691875e-02
-1.450001e-02 -2.831935e-03 1.021070e-01
4.966721e-02 1.116434e-03 3.551982e-02
1.486959e-01 1.054066e-03 3.241493e-02
2.335659e-01 5.485671e-03 2.061056e-02
3.932926e-01 1.138472e-03 -8.010488e-02
-1.647211e-01 -1.066615e-01 -2.908549e-02
-1.721110e-01 1.054108e-01 -2.593936e-02
-1.586368e-01 -1.954582e-01 -2.613299e-02
-2.061819e-01 -2.602458e-01 -6.158607e-02
-1.655790e-01 1.966039e-01 -3.150605e-02
-2.045497e-01 2.572169e-01 -6.537337e-02
1.055253e-03 -1.031175e-01 -3.528224e-03
4.417340e-02 -5.476205e-02 1.084083e-02
4.139293e-02 5.110976e-02 1.978150e-02
-1.044273e-03 1.002176e-01 8.040393e-03
1.987529e-01 -1.200412e-01 -3.212241e-02
1.430774e-01 -1.949678e-02 3.752200e-02
1.418546e-01 2.703710e-02 2.898623e-02
1.906827e-01 1.081637e-01 -2.355886e-02
