-2.703047e-01 -2.230000e-03 6.226656e-02
-1.852570e-01 -1.728426e-03 3.076860e-02
-1.813425e-02 -3.478137e-03 9.555624e-02
4.802801e-02 2.313770e-03 3.833451e-02
1.290240e-01 5.958806e-04 5.409451e-02
2.703844e-01 3.057785e-03 -5.912394e-03
3.289912e-01 1.019161e-02 -6.213656e-02
-1.772417e-01 -1.280898e-01 -2.259943e-02
-1.730748e-01 1.251399e-01 -2.784327e-02
-1.617463e-01 -2.184496e-01 -3.237171e-02
-2.059890e-01 -2.825241e-01 -6.359275e-02
-1.558602e-01 2.141184e-01 -3.675250e-02
-1.961502e-01 2.827417e-01 -6.328174e-02
1.380764e-02 -1.165562e-01 -1.207687e-02
4.818107e-02 -7.208231e-02 8.498764e-03
5.354966e-02 6.243545e-02 6.313035e-03
1.938780e-02 1.145835e-01 -1.270143e-02
1.926061e-01 -1.273258e-01 -2.692736e-02
1.209320e-01 -2.731344e-02 4.846101e-02
1.232352e-01 2.912615e-02 4.952998e-02
1.956310e-01 1.354736e-01 -2.762721e-02
