-2.719636e-01 -6.827727e-03 4.261010e-02
-1.942183e-01 -9.187689e-03 2.355311e-02
-2.957405e-02 9.107169e-03 1.002848e-01
4.032256e-02 2.846220e-03 5.533457e-02
1.402209e-01 4.939523e-04 4.554105e-02
2.145541e-01 3.966262e-06 -8.202587e-03
3.836632e-01 5.181256e-03 -9.681496e-02
-1.699169e-01 -1.254793e-01 -2.998640e-02
-1.679314e-01 1.210079e-01 -2.724183e-02
-1.551038e-01 -2.061026e-01 -3.306174e-02
-1.938049e-01 -2.744410e-01 -6.418111e-02
-1.520377e-01 2.141303e-01 -3.386575e-02
-1.890910e-01 2.773994e-01 -7.043684e-02
1.735386e-02 -1.144926e-01 5.753672e-03
4.297404e-02 -7.348729e-02 2.522729e-02
4.483015e-02 6.638097e-02 2.761052e-02
1.784647e-02 1.095266e-01 1.861763e-02
1.783773e-01 -1.375480e-01 -3.513274e-02
1.312958e-01 -2.368783e-02 4.349652e-02
1.334161e-01 2.703478e-02 5.320255e-02
1.787872e-01 1.381415e-01 -4.230786e-02
