-2.807835e-01 -8.327612e-03 7.930309e-02
-1.983969e-01 1.765213e-03 4.255583e-02
-8.273495e-03 3.552003e-03 1.123729e-01
4.642252e-02 2.343798e-03 7.166868e-02
1.503999e-01 9.024830e-04 4.133940e-02
2.135746e-01 1.182531e-03 1.534378e-03
3.779161e-01 -6.869449e-03 -8.846404e-02
-1.787489e-01 -1.007312e-01 -4.549090e-02
-1.835572e-01 1.027758e-01 -3.977485e-02
-1.614300e-01 -1.894912e-01 -5.073714e-02
-1.921487e-01 -2.677731e-01 -8.554992e-02
-1.670817e-01 1.977224e-01 -4.952411e-02
-1.956771e-01 2.677192e-01 -8.913584e-02
1.084439e-02 -1.052716e-01 9.849251e-03
4.824544e-02 -5.908594e-02 4.341622e-02
4.905820e-02 5.474323e-02 3.506174e-02
8.442320e-03 1.002710e-01 1.871768e-02
1.865276e-01 -1.122277e-01 -4.389298e-02
1.465860e-01 -1.736236e-02 4.284555e-02
1.463260e-01 1.980258e-02 3.879796e-02
1.817544e-01 1.143600e-01 -4.489285e-02
