-3.113899e-01 -3.967359e-03 7.597004e-02
-2.309805e-01 4.220808e-03 4.613565e-02
5.216174e-03 3.101523e-03 1.147935e-01
4.815394e-02 -1.910078e-03 5.480862e-02
1.301958e-01 4.597920e-04 4.930623e-02
2.158134e-01 1.383176e-03 -7.799822e-03
3.656401e-01 6.333518e-03 -7.957617e-02
-1.639793e-01 -1.023000e-01 -3.844589e-02
-1.673289e-01 1.054854e-01 -4.675488e-02
-1.372180e-01 -1.928171e-01 -3.981480e-02
-1.752970e-01 -2.754567e-01 -7.868432e-02
-1.421523e-01 2.009598e-01 -4.184684e-02
-1.813251e-01 2.753931e-01 -7.642356e-02
9.293658e-03 -1.138616e-01 1.764787e-02
4.984045e-02 -6.627888e-02 2.205544e-02
5.351299e-02 6.037960e-02 2.273848e-02
9.312953e-03 1.105865e-01 1.969695e-02
1.891879e-01 -1.485223e-01 -5.664556e-02
1.247936e-01 -3.127358e-02 5.216812e-02
1.262248e-01 2.773616e-02 4.962550e-02
1.824854e-01 1.403482e-01 -5.895451e-02
