-2.895152e-01 -8.436059e-03 5.523906e-02
-1.960500e-01 -5.865002e-03 3.260231e-02
-1.827792e-02 -9.064860e-04 1.021837e-01
4.446040e-02 2.161383e-03 6.954046e-02
1.587236e-01 -9.847473e-04 3.002144e-02
1.913230e-01 -1.619626e-03 1.344938e-02
3.671255e-01 8.329088e-03 -7.058910e-02
-1.676907e-01 -1.103983e-01 -2.953340e-02
-1.721511e-01 1.153087e-01 -3.580013e-02
-1.566633e-01 -2.001922e-01 -3.496428e-02
-1.996678e-01 -2.689713e-01 -7.193176e-02
-1.565334e-01 2.114993e-01 -4.423579e-02
-1.945319e-01 2.711648e-01 -7.086717e-02
8.874819e-03 -1.140449e-01 1.146478e-02
4.742316e-02 -6.633474e-02 3.796494e-02
4.759448e-02 5.795005e-02 3.481925e-02
2.090559e-03 1.114216e-01 7.527220e-03
1.888597e-01 -1.310307e-01 -5.431085e-02
1.526621e-01 -2.326757e-02 3.275973e-02
1.514271e-01 2.447241e-02 3.644396e-02
1.905168e-01 1.297444e-01 -5.178374e-02
