-2.704053e-01 1.037549e-03 4.743456e-02
-2.019690e-01 2.493576e-03 2.102397e-02
-1.351256e-02 9.759616e-03 9.652814e-02
4.611418e-02 6.230922e-03 4.336959e-02
1.276473e-01 -1.866493e-04 3.430953e-02
2.150529e-01 -3.077164e-04 -1.082201e-02
4.142709e-01 -1.292305e-02 -7.670792e-02
-1.582802e-01 -1.224875e-01 -2.433812e-02
-1.695631e-01 1.210990e-01 -2.705814e-02
-1.450835e-01 -2.180208e-01 -2.991217e-02
-1.906139e-01 -2.811096e-01 -5.438191e-02
-1.612147e-01 2.130751e-01 -2.675132e-02
-2.084981e-01 2.771285e-01 -5.593931e-02
1.985181e-03 -9.988388e-02 -2.274647e-03
4.219411e-02 -5.678591e-02 1.334747e-02
4.191752e-02 6.903601e-02 2.380942e-02
2.082908e-03 1.114633e-01 1.068133e-02
1.908717e-01 -1.198520e-01 -3.519005e-02
1.225879e-01 -2.202914e-02 3.515597e-02
1.212193e-01 2.026925e-02 3.813761e-02
1.931964e-01 1.019934e-01 -2.042200e-02
