-2.897203e-01 -1.845816e-02 5.641571e-02
-1.857394e-01 -5.332919e-03 1.686192e-02
-2.985481e-02 6.771439e-03 1.019875e-01
3.996444e-02 4.472263e-03 5.597234e-02
1.246068e-01 -6.483762e-04 4.747469e-02
2.158004e-01 -1.168902e-03 -7.505247e-03
3.863407e-01 -4.519550e-03 -9.158053e-02
-1.552960e-01 -1.282465e-01 -2.767561e-02
-1.609748e-01 1.321298e-01 -3.049556e-02
-1.403946e-01 -2.149057e-01 -2.985184e-02
-1.855873e-01 -2.863017e-01 -5.829371e-02
-1.462262e-01 2.262499e-01 -3.270923e-02
-1.874222e-01 2.873371e-01 -5.735129e-02
9.107259e-03 -1.110934e-01 1.869314e-03
3.944883e-02 -6.839420e-02 2.000499e-02
4.207404e-02 7.069634e-02 2.406711e-02
1.022301e-02 1.177595e-01 2.271858e-03
1.879568e-01 -1.223434e-01 -3.960741e-02
1.174764e-01 -2.832932e-02 4.501864e-02
1.168870e-01 2.496038e-02 4.676184e-02
1.913298e-01 1.193654e-01 -4.363549e-02
