-2.824391e-01 2.127390e-04 8.507107e-02
-1.780559e-01 2.451555e-03 2.981827e-02
-9.873146e-03 -4.642947e-03 9.399752e-02
3.993687e-02 5.344231e-03 4.083707e-02
1.330528e-01 1.206773e-03 5.336447e-02
2.374408e-01 -3.556206e-05 1.341064e-02
3.801315e-01 7.118624e-03 -7.060369e-02
-1.719141e-01 -1.038846e-01 -3.744672e-02
-1.731384e-01 1.010416e-01 -4.031805e-02
-1.567874e-01 -1.900742e-01 -3.486492e-02
-2.055653e-01 -2.683814e-01 -6.447083e-02
-1.586635e-01 1.919766e-01 -4.050764e-02
-2.030249e-01 2.604016e-01 -6.540679e-02
5.804107e-03 -1.134344e-01 -3.041266e-03
4.523611e-02 -7.067753e-02 7.206187e-03
4.189537e-02 6.889659e-02 1.649801e-02
5.973144e-03 1.139310e-01 8.819343e-03
1.928505e-01 -1.461751e-01 -4.591315e-02
1.249493e-01 -3.177692e-02 5.078910e-02
1.260681e-01 2.988441e-02 5.075034e-02
2.061232e-01 1.466169e-01 -4.798896e-02
