-2.763416e-01 9.030863e-03 5.647410e-02
-2.161161e-01 5.401660e-03 3.966825e-02
-1.322811e-02 -2.902225e-03 1.204229e-01
4.804128e-02 3.560882e-03 5.651946e-02
1.340558e-01 3.435856e-03 5.452242e-02
2.216854e-01 -3.026788e-03 9.806869e-03
3.773671e-01 6.200380e-04 -1.339522e-01
-1.728939e-01 -1.082616e-01 -3.872600e-02
-1.802395e-01 1.054026e-01 -3.719356e-02
-1.549685e-01 -1.920975e-01 -5.366925e-02
-1.899561e-01 -2.634759e-01 -8.249688e-02
-1.623075e-01 1.960100e-01 -5.373709e-02
-1.954058e-01 2.596678e-01 -8.153073e-02
1.891100e-02 -1.091015e-01 9.020019e-03
6.227588e-02 -5.250666e-02 3.903207e-02
5.366510e-02 5.377709e-02 3.122072e-02
1.240795e-02 1.016915e-01 3.565216e-02
1.954663e-01 -1.321367e-01 -3.093097e-02
1.285696e-01 -2.570480e-02 4.636861e-02
1.255159e-01 3.255662e-02 5.372910e-02
1.834959e-01 1.180588e-01 -4.020005e-02
