-2.884396e-01 -5.666342e-03 6.919465e-02
-2.151455e-01 9.728172e-04 4.293714e-02
-1.461097e-02 -1.628829e-03 1.034730e-01
4.499836e-02 -3.444944e-03 5.837445e-02
1.521633e-01 -2.819238e-03 4.897452e-02
2.099287e-01 -2.544392e-03 1.494537e-02
3.671923e-01 1.284682e-02 -9.093763e-02
-1.720464e-01 -1.104552e-01 -3.468968e-02
-1.745550e-01 1.167811e-01 -3.705181e-02
-1.500349e-01 -1.919584e-01 -3.778006e-02
-1.863658e-01 -2.681543e-01 -7.898407e-02
-1.548814e-01 2.076364e-01 -5.563674e-02
-1.957800e-01 2.717751e-01 -8.257356e-02
1.689829e-02 -1.078899e-01 1.683140e-02
4.648711e-02 -7.029627e-02 2.459208e-02
5.169923e-02 6.024941e-02 2.337950e-02
1.918512e-02 1.057850e-01 2.011313e-02
1.766348e-01 -1.298132e-01 -5.171130e-02
1.469669e-01 -3.007280e-02 4.348418e-02
1.448978e-01 2.198746e-02 4.832122e-02
1.748077e-01 1.267098e-01 -4.525582e-02
