-2.511852e-01 -4.738297e-04 7.766162e-02
-1.633521e-01 8.563220e-03 4.879642e-02
-4.745425e-03 -1.278688e-03 1.055117e-01
3.589766e-02 2.537827e-04 3.943306e-02
1.306560e-01 -2.826063e-04 5.099587e-02
2.366196e-01 3.350197e-03 8.493120e-03
3.730758e-01 3.811993e-05 -9.176564e-02
-1.709298e-01 -1.214946e-01 -3.511648e-02
-1.747950e-01 1.117192e-01 -4.205279e-02
-1.560593e-01 -2.086484e-01 -4.286896e-02
-2.059952e-01 -2.870207e-01 -7.460896e-02
-1.548403e-01 2.097774e-01 -4.911399e-02
-2.005527e-01 2.804207e-01 -6.898006e-02
-7.446276e-03 -1.121448e-01 -1.190086e-03
3.840268e-02 -6.871916e-02 7.724390e-03
4.149639e-02 6.524671e-02 1.403293e-02
-7.510032e-03 1.110834e-01 7.772950e-04
1.994779e-01 -1.211943e-01 -2.262685e-02
1.197049e-01 -3.045945e-02 4.576697e-02
1.235555e-01 2.739211e-02 5.269227e-02
1.985249e-01 1.338718e-01 -2.356180e-02
