-2.912536e-01 -5.169520e-03 5.689550e-02
-1.937373e-01 -2.548090e-03 4.173633e-02
-5.671545e-02 8.494521e-04 1.148344e-01
3.016690e-02 2.895161e-03 5.675253e-02
1.646675e-01 -3.221895e-03 4.093874e-02
2.125209e-01 1.539831e-03 -7.727860e-03
3.554457e-01 2.855435e-03 -1.056491e-01
-1.648553e-01 -1.118089e-01 -3.626669e-02
-1.676947e-01 1.062336e-01 -3.066158e-02
-1.507106e-01 -1.934980e-01 -4.162324e-02
-1.942196e-01 -2.736831e-01 -7.964036e-02
-1.495203e-01 2.015413e-01 -4.249511e-02
-1.897396e-01 2.731117e-01 -8.673527e-02
4.081785e-04 -1.079996e-01 2.116995e-02
4.062794e-02 -4.988392e-02 2.349575e-02
3.827184e-02 5.298208e-02 2.629720e-02
1.525171e-03 1.067935e-01 3.262250e-02
2.000707e-01 -1.228823e-01 -2.862676e-02
1.581125e-01 -2.906392e-02 3.761687e-02
1.589754e-01 2.287020e-02 4.591407e-02
1.976539e-01 1.280870e-01 -3.884790e-02
