-2.699020e-01 -1.368402e-02 8.792306e-02
-2.026860e-01 -3.469890e-03 5.096394e-02
-2.056850e-02 1.227935e-03 1.088325e-01
3.696820e-02 4.240063e-03 4.474142e-02
1.309002e-01 2.593271e-03 5.125633e-02
2.331490e-01 1.708839e-03 -2.773596e-03
3.786880e-01 9.701814e-04 -1.005100e-01
-1.721117e-01 -1.030215e-01 -3.867191e-02
-1.723205e-01 1.070411e-01 -4.329982e-02
-1.518598e-01 -1.982222e-01 -4.826149e-02
-1.869094e-01 -2.782092e-01 -9.064514e-02
-1.528682e-01 2.088147e-01 -4.457514e-02
-1.834053e-01 2.759102e-01 -9.080566e-02
1.317941e-02 -1.090480e-01 2.082047e-02
4.348732e-02 -6.865892e-02 3.427814e-02
4.617211e-02 6.237313e-02 2.520963e-02
1.846427e-02 1.085738e-01 1.818215e-02
1.822579e-01 -1.290766e-01 -4.020122e-02
1.242057e-01 -2.575776e-02 4.772175e-02
1.236636e-01 2.886774e-02 5.267568e-02
1.814960e-01 1.268272e-01 -4.286114e-02
