-2.811216e-01 -4.639050e-03 6.572033e-02
-2.019777e-01 9.661143e-04 3.734437e-02
-2.726832e-02 -6.360844e-04 1.181894e-01
4.401948e-02 1.633254e-03 6.141630e-02
1.416148e-01 4.540842e-03 4.339623e-02
2.302667e-01 4.685321e-03 -4.838505e-04
3.929506e-01 -2.351070e-02 -9.754890e-02
-1.696736e-01 -1.073246e-01 -3.554149e-02
-1.756704e-01 1.033437e-01 -3.786507e-02
-1.512144e-01 -1.945610e-01 -4.422448e-02
-1.821153e-01 -2.641914e-01 -7.618348e-02
-1.593452e-01 1.975558e-01 -3.901953e-02
-1.879686e-01 2.629479e-01 -7.223237e-02
8.658267e-03 -1.110377e-01 9.316870e-04
4.101903e-02 -6.528253e-02 3.527814e-02
3.851393e-02 6.609241e-02 3.148620e-02
-7.090593e-04 1.151739e-01 9.070116e-03
1.876806e-01 -1.246124e-01 -4.238057e-02
1.335899e-01 -2.320200e-02 4.329187e-02
1.340508e-01 3.262433e-02 4.112194e-02
1.847002e-01 1.294339e-01 -4.176679e-02
